freq hvsr
0.0 3.8133287767002857 
0.0196155355041192 1.4093540503588187 
0.0392310710082385 1.5764149376656769 
0.0588466065123577 2.204140050163727 
0.078462142016477 1.965337411014959 
0.0980776775205963 1.7487297505218893 
0.1176932130247155 3.4713477036232696 
0.1373087485288348 2.057469690568374 
0.1569242840329541 1.829161864018122 
0.1765398195370733 1.8680959087131388 
0.1961553550411926 2.2360670002308254 
0.2157708905453119 1.9111705099125287 
0.2353864260494311 2.201364642756183 
0.2550019615535504 3.1958399796857075 
0.2746174970576697 2.6651140021279227 
0.2942330325617889 1.7348027943978748 
0.3138485680659082 2.021111984672341 
0.3334641035700275 2.3011183443110825 
0.3530796390741467 2.07683395836341 
0.372695174578266 2.0325132491714473 
0.3923107100823852 4.490115442576701 
0.4119262455865045 4.05266873619941 
0.4315417810906238 2.486327475863888 
0.451157316594743 2.2821729957183194 
0.4707728520988623 5.917923908979949 
0.4903883876029816 1.9164124546458545 
0.5100039231071009 2.524304464851326 
0.5296194586112202 2.3900145415453125 
0.5492349941153394 3.479631150747095 
0.5688505296194586 3.0660137591228636 
0.5884660651235779 2.3653961546028195 
0.6080816006276972 2.3282489772268256 
0.6276971361318164 2.30152648348995 
0.6473126716359356 2.5305353248994753 
0.666928207140055 2.5252424120113677 
0.6865437426441743 2.1471984230152983 
0.7061592781482935 2.3343973248325267 
0.7257748136524127 2.257445183769442 
0.745390349156532 2.1869666640651517 
0.7650058846606513 2.8175035668345023 
0.7846214201647705 2.7562378552328766 
0.8042369556688898 3.7066437321353347 
0.8238524911730091 3.027103013300093 
0.8434680266771284 2.8648967581384426 
0.8630835621812476 2.3803669331283412 
0.8826990976853668 2.7208757784563717 
0.902314633189486 1.9938965632118475 
0.9219301686936054 2.364840210152459 
0.9415457041977248 1.6377700271178712 
0.961161239701844 4.076205965405143 
0.9807767752059632 1.6134992822439345 
1.0003923107100825 4.881017316882276 
1.0200078462142017 1.9661954321632997 
1.039623381718321 0.6346248357651791 
1.0592389172224403 2.3720340561849937 
1.0788544527265596 3.390270683779453 
1.0984699882306788 1.6617931279817555 
1.118085523734798 1.4099575534245965 
1.1377010592389172 3.0412289814801423 
1.1573165947430366 2.6606047035738283 
1.1769321302471558 1.6488348461703604 
1.196547665751275 1.4859410626397056 
1.2161632012553945 1.9204291534126774 
1.2357787367595137 1.6121562600283732 
1.2553942722636329 1.6499353285543148 
1.275009807767752 2.685165424789268 
1.2946253432718713 2.69762278077564 
1.3142408787759907 1.2159816798989986 
1.33385641428011 1.279845935951892 
1.3534719497842291 1.9728718327386623 
1.3730874852883486 1.7675270832137011 
1.3927030207924678 1.3867268685426557 
1.412318556296587 1.007225171371027 
1.4319340918007062 1.317123178690551 
1.4515496273048254 1.4620024629767285 
1.4711651628089448 1.8839384218094195 
1.490780698313064 2.058881999451143 
1.5103962338171832 1.517312773974714 
1.530011769321303 2.1164359562650086 
1.549627304825422 2.206378470234103 
1.569242840329541 0.9573906457069701 
1.5888583758336603 1.0869078883868586 
1.6084739113377795 1.829197155913988 
1.628089446841899 1.8616082923809107 
1.647704982346018 1.8980094680705737 
1.6673205178501374 1.477284972550252 
1.6869360533542568 1.2858141577000701 
1.706551588858376 1.3593865169170538 
1.7261671243624952 2.355117660801345 
1.7457826598666144 2.0960024190967967 
1.7653981953707336 2.338343294164423 
1.785013730874853 1.3626589543114358 
1.8046292663789725 2.211806202177637 
1.8242448018830917 1.851988249665916 
1.843860337387211 0.8932780729711145 
1.86347587289133 1.3857234472720523 
1.8830914083954493 1.2360182395157349 
1.9027069438995683 1.6948439364109924 
1.922322479403688 0.8470322899686444 
1.9419380149078072 3.4532091924804136 
1.9615535504119264 2.31506721358059 
1.9811690859160456 1.9467083476646354 
2.000784621420165 4.556088095610669 
2.020400156924284 1.977279762767635 
2.0400156924284034 1.1069734381975957 
2.059631227932522 0.86190318559749 
2.079246763436642 1.4418155018687542 
2.098862298940761 1.4204370055526028 
2.1184778344448807 1.223146069836473 
2.138093369949 1.3747657629423276 
2.157708905453119 1.3085923858429676 
2.1773244409572383 1.0765834589980465 
2.196939976461357 1.065217594630548 
2.2165555119654767 0.6911364376060554 
2.236171047469596 1.3743714832503753 
2.255786582973715 1.2337446066865638 
2.2754021184778344 1.1612994440670836 
2.295017653981954 1.7215353512446658 
2.314633189486073 1.6561158305383445 
2.3342487249901924 1.6103977753544776 
2.353864260494312 1.7492112249842706 
2.373479795998431 1.5260585183573343 
2.39309533150255 1.0317569461673446 
2.4127108670066693 2.6767678370859262 
2.432326402510789 1.684255436998571 
2.451941938014908 3.681671478513056 
2.4715574735190278 1.9961084166321381 
2.4911730090231465 2.4149824863115232 
2.5107885445272657 1.406570912703061 
2.530404080031385 3.0645788606739774 
2.550019615535504 2.010321524776292 
2.569635151039624 1.5504800521372506 
2.5892506865437426 1.6864508317388887 
2.6088662220478622 0.7887436224752838 
2.628481757551981 1.2213106388974233 
2.6480972930561006 1.9613491655881474 
2.66771282856022 0.9868813442817832 
2.687328364064339 1.1327247986645896 
2.7069438995684583 3.83240805011503 
2.726559435072577 2.064056442177108 
2.746174970576697 2.1236782880717766 
2.7657905060808163 1.9323081716032195 
2.7854060415849355 1.9132578537165084 
2.8050215770890548 1.337476758116178 
2.824637112593174 1.5438708941198054 
2.844252648097293 1.2492336283859566 
2.8638681836014124 1.5838684889873484 
2.883483719105532 1.0015132467413934 
2.903099254609651 0.8450816911062655 
2.9227147901137704 1.8645868059902628 
2.9423303256178897 1.5549518909203763 
2.961945861122009 0.8002822018173696 
2.981561396626128 1.1818611870991842 
3.0011769321302477 1.7108013769120978 
3.0207924676343665 0.8623160000684281 
3.0404080031384857 2.181398899358164 
3.0600235386426053 1.9683703895460085 
3.079639074146725 1.4336127357577444 
3.099254609650844 1.7024805709552329 
3.118870145154963 1.3457640165242069 
3.138485680659082 1.2934795522933558 
3.1581012161632014 1.243630555529347 
3.1777167516673206 1.2637724809684465 
3.19733228717144 1.4669808946341765 
3.216947822675559 2.054801928945267 
3.2365633581796787 1.819926362269914 
3.256178893683798 1.9276454306795403 
3.275794429187917 2.46789635450389 
3.2954099646920363 3.4511695875047175 
3.3150255001961555 2.2051787869177613 
3.3346410357002747 2.1569658086191494 
3.354256571204394 1.1238353551627394 
3.3738721067085136 1.6098120563794105 
3.3934876422126328 1.9536683656684481 
3.413103177716752 0.944778935604016 
3.432718713220871 1.8138981803750087 
3.4523342487249904 1.2289505854223486 
3.4719497842291096 1.7134011158432096 
3.491565319733229 1.791592915810755 
3.511180855237348 0.845515584560376 
3.5307963907414672 2.610980015158795 
3.550411926245587 1.2655157715901753 
3.570027461749706 1.1911366188939305 
3.5896429972538253 1.1815398084634858 
3.609258532757945 1.0796848866637432 
3.628874068262064 1.4039013305776622 
3.648489603766183 3.9570437849620927 
3.668105139270302 1.3129588325945691 
3.687720674774422 4.199211341073202 
3.707336210278541 2.546527038736775 
3.72695174578266 1.3376705610288975 
3.7465672812867794 2.1231934581658614 
3.7661828167908986 1.1286136486411387 
3.785798352295018 1.3588751649202047 
3.805413887799137 1.9975511355448103 
3.825029423303256 2.2014927049507937 
3.844644958807376 1.5984658241415894 
3.864260494311495 1.6215656664519045 
3.8838760298156143 1.7457336930683385 
3.9034915653197335 1.5833239249068358 
3.9231071008238527 1.1005466368160686 
3.942722636327972 1.0569589171438714 
3.962338171832091 1.1986872970112858 
3.9819537073362095 0.7975324635019012 
4.00156924284033 0.8628875126216735 
4.021184778344449 0.8979894142974215 
4.040800313848568 2.7182569559418837 
4.060415849352688 1.5143887579749022 
4.080031384856807 1.1436805493251299 
4.099646920360926 2.19571863949195 
4.119262455865045 1.6790191957698757 
4.1388779913691645 2.178022286496245 
4.158493526873284 1.5402189660073338 
4.178109062377403 1.9758125212288065 
4.197724597881522 2.4348557650812577 
4.217340133385641 3.7684239632757275 
4.236955668889761 1.5717135431121774 
4.256571204393881 1.7337248468125859 
4.276186739898 1.508635438071244 
4.295802275402119 2.8645329456695254 
4.315417810906238 2.9781965529401946 
4.335033346410357 2.7504899714382534 
4.354648881914477 1.723146515706902 
4.374264417418596 2.019551075891629 
4.393879952922715 1.7920815987827905 
4.413495488426834 1.6944824467299202 
4.4331110239309535 1.831243330177494 
4.452726559435073 2.0308207902414335 
4.472342094939192 2.492137015375135 
4.491957630443311 1.7590384558331609 
4.51157316594743 3.319406154531739 
4.5311887014515495 2.413129953537755 
4.550804236955669 2.9477598909868004 
4.570419772459789 2.2055520878149046 
4.590035307963908 2.199092741852074 
4.609650843468027 1.8207067102727077 
4.629266378972146 1.3116892940429494 
4.648881914476266 2.1619665861995023 
4.668497449980385 1.9720397756047519 
4.688112985484504 1.4686919121924462 
4.707728520988623 1.3845861623311815 
4.727344056492743 3.255198905522144 
4.746959591996862 1.5323381747987366 
4.766575127500981 1.6303091479743064 
4.7861906630051 1.819541576094241 
4.805806198509219 1.2907011639647965 
4.8254217340133385 0.9461331443790383 
4.845037269517458 2.5315658763201703 
4.864652805021578 2.067498367339914 
4.884268340525697 1.8823761930208347 
4.903883876029816 2.403646042037135 
4.923499411533935 2.099914179325153 
4.943114947038055 2.3574733324176114 
4.962730482542174 2.9736608027852536 
4.982346018046293 2.149332107999093 
5.001961553550412 2.8576695736662843 
5.021577089054532 1.390304779885514 
5.041192624558651 2.050103191487977 
5.06080816006277 1.7734859888183492 
5.080423695566889 1.902412690226622 
5.100039231071008 1.578303905162804 
5.119654766575128 3.1300372820674927 
5.139270302079247 1.5660114524318707 
5.158885837583366 1.8122620598220147 
5.178501373087485 3.4126234443749546 
5.198116908591605 2.1061869173222587 
5.2177324440957245 1.9723902427999433 
5.237347979599844 1.544627627850494 
5.256963515103963 1.8347813018727621 
5.276579050608082 2.1480659445499155 
5.296194586112201 1.2776925652321967 
5.3158101216163205 1.080666295316411 
5.33542565712044 0.7839272266993556 
5.355041192624559 1.488823152464521 
5.374656728128678 1.6089085039070348 
5.394272263632797 1.243847209862354 
5.4138877991369165 1.629421422596374 
5.433503334641036 1.9607817339860947 
5.453118870145155 4.407904603742496 
5.472734405649274 3.3914955460756686 
5.492349941153394 1.3900651251270206 
5.5119654766575135 1.8253814037360174 
5.531581012161633 1.745846767320798 
5.551196547665752 1.9575586703720147 
5.570812083169871 2.0596895004715368 
5.59042761867399 1.693135566247843 
5.6100431541781095 1.8414117004207575 
5.629658689682229 2.7706807358123875 
5.649274225186348 0.9481567724712835 
5.668889760690467 2.0333102487121053 
5.688505296194586 1.5801613280132223 
5.7081208316987055 1.626333361490785 
5.727736367202825 1.404235266652999 
5.747351902706944 1.563243477157178 
5.766967438211063 2.6315393487130554 
5.786582973715182 2.3705805638820916 
5.806198509219302 1.383156588308535 
5.825814044723422 2.24001692016206 
5.845429580227541 2.5162850749716994 
5.86504511573166 1.8964016632542922 
5.884660651235779 1.5436882069820996 
5.9042761867398985 2.0989568248105157 
5.923891722244018 1.548635600993991 
5.943507257748137 1.3816362550786585 
5.963122793252256 2.1536708216212714 
5.982738328756375 1.545562266122032 
6.002353864260495 1.9344847388762318 
6.021969399764614 2.7302120976450657 
6.041584935268733 2.8845927516300978 
6.061200470772852 2.069443294114904 
6.080816006276971 1.8285070658047173 
6.100431541781091 1.275354862757605 
6.120047077285211 3.3206211712526237 
6.13966261278933 1.6104530047988568 
6.159278148293449 1.1036069371529929 
6.178893683797568 1.4585543760839006 
6.198509219301688 1.2770093802551934 
6.218124754805807 1.505249248812364 
6.237740290309926 1.2138589861543132 
6.257355825814045 2.1577534243242726 
6.276971361318164 1.7272205647361023 
6.296586896822284 2.0922109211755453 
6.316202432326403 2.192139960749469 
6.335817967830522 1.3305021996707558 
6.355433503334641 2.0973182390488683 
6.37504903883876 1.6088142203820193 
6.39466457434288 1.5855849064851477 
6.414280109846999 1.262395469549911 
6.433895645351118 2.3530232837184353 
6.453511180855238 1.860610242032191 
6.473126716359357 1.6248476593169008 
6.4927422518634765 1.7288192450782935 
6.512357787367596 4.351137802860751 
6.531973322871715 2.0659886975435726 
6.551588858375834 1.4185462942016192 
6.571204393879953 1.1588755230715544 
6.590819929384073 2.479559667550142 
6.610435464888192 2.3687601133735114 
6.630051000392311 1.5462821132846731 
6.64966653589643 2.0087132506291074 
6.669282071400549 3.599872756097435 
6.688897606904669 1.4857729305337555 
6.708513142408788 1.644877446169632 
6.728128677912907 3.9347148102077556 
6.747744213417027 1.6025048504758361 
6.767359748921146 2.3461495113135733 
6.7869752844252655 1.2180835273202162 
6.806590819929385 1.1794839652032765 
6.826206355433504 2.339877995046086 
6.845821890937623 1.3598038882645322 
6.865437426441742 1.7702079807209279 
6.885052961945862 1.5165908419577752 
6.904668497449981 0.9905271606335766 
6.9242840329541 1.8741825035333162 
6.943899568458219 0.8544346069213845 
6.963515103962338 1.3796145394558157 
6.983130639466458 1.48846018688294 
7.002746174970577 1.7535367803736885 
7.022361710474696 2.747803035762591 
7.041977245978815 4.021483276478666 
7.061592781482935 1.510074471150244 
7.081208316987055 0.8337551554384747 
7.100823852491174 2.3506382360704987 
7.120439387995293 0.965287434738756 
7.140054923499412 1.1935025961228876 
7.159670459003531 2.181079795828023 
7.179285994507651 1.2353119434932052 
7.19890153001177 1.0671616822656904 
7.218517065515889 1.5770321515191068 
7.238132601020008 1.376065126695561 
7.257748136524127 1.2505017294834755 
7.277363672028247 1.390790498448313 
7.296979207532366 1.4081337618082963 
7.316594743036485 2.030703867672997 
7.336210278540604 1.3717988694773682 
7.3558258140447235 1.0717113956759432 
7.375441349548844 1.5299820801196513 
7.395056885052963 1.5383266235582815 
7.414672420557082 1.3179584377698512 
7.434287956061201 1.9874457003924346 
7.45390349156532 1.1213783772108963 
7.47351902706944 1.526312850990684 
7.493134562573559 2.9690360947010275 
7.512750098077678 2.368558883687819 
7.532365633581797 1.4212453475014073 
7.551981169085916 2.6772187333003203 
7.571596704590036 1.0269692254924572 
7.591212240094155 1.1334969731074767 
7.610827775598274 1.5326249571655615 
7.630443311102393 0.9115679811895613 
7.650058846606512 0.8827119221310281 
7.669674382110632 0.9617711270434138 
7.689289917614751 1.5537671782871865 
7.708905453118871 1.022996452953096 
7.72852098862299 1.502152786438519 
7.748136524127109 1.4539109338527092 
7.767752059631229 1.2583324750156426 
7.787367595135348 1.2511809835920036 
7.806983130639467 1.1073344387682917 
7.826598666143586 3.8122201866980387 
7.846214201647705 1.108194854790286 
7.865829737151825 1.669166038419054 
7.885445272655944 1.5920912547510482 
7.905060808160063 1.1529582380545773 
7.924676343664182 1.695840282024562 
7.944291879168301 0.9081641297646306 
7.963907414672421 1.2191210494450526 
7.98352295017654 1.625305501927754 
8.00313848568066 1.6127063124321477 
8.02275402118478 1.2290367830736266 
8.042369556688898 2.1760505504503636 
8.061985092193018 1.5659393165243887 
8.081600627697137 0.8921628797395865 
8.101216163201256 1.1396118470868117 
8.120831698705375 1.6307420871703422 
8.140447234209494 0.8704529981875944 
8.160062769713614 0.9672981972850133 
8.179678305217733 1.4081394175734203 
8.199293840721852 1.7979861243605002 
8.218909376225971 1.869143086235483 
8.23852491173009 1.23763669949064 
8.25814044723421 1.3228924085635154 
8.277755982738329 1.3170558940095032 
8.297371518242448 1.2832861212379332 
8.316987053746567 1.1620643963973127 
8.336602589250687 1.0067880487434187 
8.356218124754806 0.7975538633961529 
8.375833660258925 1.2416511688592005 
8.395449195763044 2.6082103705992896 
8.415064731267163 1.2132274693852225 
8.434680266771283 1.9550797250583474 
8.454295802275402 1.4306972219160374 
8.473911337779523 1.1988458004264415 
8.493526873283642 2.0609658196484255 
8.513142408787761 1.249496751775988 
8.53275794429188 1.46271892182133 
8.552373479796 1.937098226791616 
8.571989015300119 1.2308676553143898 
8.591604550804238 2.9052800721687535 
8.611220086308357 2.730095080066345 
8.630835621812476 1.676012451267366 
8.650451157316596 0.7717917691785813 
8.670066692820715 2.4254117756462343 
8.689682228324834 1.84154981057947 
8.709297763828953 1.6455028028519207 
8.728913299333072 0.8820124124508252 
8.748528834837192 1.2390650676512267 
8.768144370341311 1.0708333978010027 
8.78775990584543 1.2819381914038543 
8.80737544134955 1.3905441286990874 
8.826990976853669 2.336830606667417 
8.846606512357788 1.7000729005957471 
8.866222047861907 1.89159279464631 
8.885837583366026 1.0472690027193068 
8.905453118870145 1.6773833823693056 
8.925068654374265 0.9403156332847443 
8.944684189878384 2.1750330914145675 
8.964299725382503 1.1259134493851681 
8.983915260886622 1.4053926933370429 
9.003530796390741 3.0061363200886264 
9.02314633189486 1.0636503577020462 
9.04276186739898 1.7312098555862085 
9.0623774029031 2.0647242096493557 
9.081992938407218 1.9046037733977979 
9.101608473911336 1.5101376479973496 
9.121224009415458 1.1114665894203153 
9.140839544919578 1.2637406934705215 
9.160455080423697 2.8123012141677446 
9.180070615927816 1.210970242340423 
9.199686151431935 1.3176636822522583 
9.219301686936054 1.8801338993085421 
9.238917222440174 1.706918287101322 
9.258532757944293 2.130126772247442 
9.278148293448412 1.3274325310407793 
9.297763828952531 0.855732345134495 
9.31737936445665 1.733080303439055 
9.33699489996077 2.3059061327230492 
9.356610435464887 1.498914350772981 
9.376225970969008 2.1097453368673222 
9.395841506473127 1.5188944984840915 
9.415457041977248 1.0726664874608778 
9.435072577481366 1.8038331342107716 
9.454688112985483 1.4340463334237323 
9.474303648489604 1.2174518579655906 
9.493919183993723 1.3712031832578053 
9.513534719497844 1.8692531229279556 
9.533150255001962 2.223084025250877 
9.55276579050608 2.5513672385801405 
9.5723813260102 1.7603709670385645 
9.59199686151432 1.2856907671198474 
9.61161239701844 1.0971942992415737 
9.631227932522558 1.5427677981771035 
9.650843468026675 1.4981004368274804 
9.670459003530796 1.1050809767717318 
9.690074539034915 1.7896965082392207 
9.709690074539036 1.4818286568462453 
9.729305610043156 2.0060889804096322 
9.748921145547277 2.2935874578892665 
9.768536681051394 1.35752083418383 
9.788152216555511 1.8161564100273173 
9.807767752059632 1.4140059945612298 
9.827383287563752 2.3160634650303495 
9.84699882306787 1.8209068187413067 
9.86661435857199 1.230725033346721 
9.88622989407611 0.7397349860629233 
9.905845429580229 1.9994720561296027 
9.925460965084348 2.3344908409121956 
9.945076500588469 3.0378330358989754 
9.964692036092586 1.3360680341174687 
9.984307571596704 1.269432108152688 
10.003923107100825 0.9044234522998815 
10.023538642604944 2.7505326892119943 
10.043154178109065 1.430003586560459 
10.062769713613182 1.1935864802236482 
10.0823852491173 1.5134432468343528 
10.10200078462142 1.364902835044441 
10.12161632012554 1.405272107561022 
10.14123185562966 1.1728037103582991 
10.160847391133778 1.8167915070748997 
10.180462926637896 2.918502459318415 
10.200078462142017 1.7713637970823137 
10.219693997646136 1.208248738698256 
10.239309533150257 1.0463096135498717 
10.258925068654374 3.501115465693908 
10.278540604158492 1.4183802098655578 
10.298156139662613 2.078072903965077 
10.317771675166732 1.0609296954487588 
10.337387210670853 1.0948112744337437 
10.35700274617497 1.119823448017934 
10.376618281679091 1.1753505920790492 
10.39623381718321 5.057405496523661 
10.41584935268733 1.715443626288099 
10.435464888191447 1.4254316309509636 
10.455080423695568 1.3517427457574491 
10.474695959199687 1.6702886630035834 
10.494311494703808 1.6316446027624691 
10.513927030207926 0.9062844929994897 
10.533542565712043 2.0349670964937316 
10.553158101216164 1.5999826340635064 
10.572773636720283 2.4254799192505123 
10.592389172224404 2.0935229847935433 
10.612004707728522 1.4214475110417377 
10.63162024323264 2.479638721235609 
10.65123577873676 1.9385182850141616 
10.67085131424088 1.386020736594628 
10.690466849745 1.7639502052404785 
10.710082385249118 0.9945268306475323 
10.729697920753235 1.1953583665293228 
10.749313456257356 1.096185606733668 
10.768928991761475 0.9863995207654531 
10.788544527265596 1.049071875906994 
10.808160062769714 1.478875644763897 
10.827775598273831 1.4039351115988377 
10.847391133777952 1.204093907089103 
10.867006669282071 1.3934160057428626 
10.88662220478619 1.0026282272994433 
10.90623774029031 2.2266322238590965 
10.925853275794427 1.0870507372847154 
10.945468811298548 1.7479892718998666 
10.965084346802668 1.3118604888030663 
10.984699882306789 1.709538149882209 
11.004315417810908 1.8231075992203878 
11.023930953315029 5.467966607941298 
11.043546488819146 1.4594125860599687 
11.063162024323264 3.4082546451583533 
11.082777559827385 1.0693468121521077 
11.102393095331504 2.8000850480985813 
11.122008630835625 1.2339006769641105 
11.141624166339742 1.3322196933321964 
11.16123970184386 1.1771567079595138 
11.18085523734798 1.855765117685352 
11.2004707728521 0.8252447773057011 
11.22008630835622 1.618142788347805 
11.239701843860338 1.477519254052207 
11.259317379364456 1.9953572710453866 
11.278932914868577 1.5131968037445072 
11.298548450372696 1.3898634498245221 
11.318163985876817 1.1473886786213245 
11.337779521380934 2.258805062140703 
11.357395056885052 1.878966994294473 
11.377010592389173 1.0293001435139186 
11.396626127893292 1.6069049967115117 
11.416241663397413 1.2533400984941019 
11.43585719890153 2.4303511286970596 
11.45547273440565 1.8319053326673957 
11.475088269909769 1.7051958228355812 
11.494703805413888 1.6624495145584794 
11.514319340918007 2.0092434203189313 
11.533934876422126 0.5495346872057584 
11.553550411926246 1.5578389875246073 
11.573165947430365 2.1392312372678406 
11.592781482934484 2.0537911026669886 
11.612397018438603 1.6679511818801511 
11.632012553942724 3.684157798015525 
11.651628089446843 1.337984953769919 
11.671243624950964 1.363582898960984 
11.690859160455082 1.455502686739844 
11.7104746959592 1.9076829311985513 
11.73009023146332 2.3833681359612204 
11.74970576696744 2.6900908275846622 
11.76932130247156 2.3061415454451515 
11.788936837975678 1.6635015161167532 
11.808552373479795 1.6075218219244294 
11.828167908983916 1.4541509493934681 
11.847783444488035 2.389276887716215 
11.867398979992156 1.7286326878065055 
11.887014515496274 1.6128276742453589 
11.906630051000391 1.5707664267445516 
11.926245586504512 2.40805054658133 
11.945861122008631 1.4227369668612286 
11.96547665751275 1.7276518772794751 
11.98509219301687 3.2404387812832867 
12.004707728520987 2.1536452832063033 
12.024323264025108 2.0017488177800353 
12.043938799529228 2.253991436248988 
12.063554335033349 1.6020223361300208 
12.083169870537466 1.5712935292758905 
12.102785406041583 1.4420288917241217 
12.122400941545704 1.2065700581777514 
12.142016477049824 2.009362245960062 
12.161632012553945 1.4959200251621358 
12.181247548058062 2.324951717432613 
12.20086308356218 1.4918162367553334 
12.2204786190663 1.0848971011480637 
12.24009415457042 3.0603439779395596 
12.25970969007454 1.3612430984644983 
12.27932522557866 1.694383256770546 
12.29894076108278 1.7109142775406565 
12.318556296586898 1.4065147525246406 
12.338171832091016 1.4675101387285654 
12.357787367595137 3.6691962149379647 
12.377402903099256 2.7351706618828433 
12.397018438603377 1.6541221778037345 
12.416633974107494 1.4863909732648324 
12.436249509611612 1.3418358223905698 
12.455865045115733 1.4383419431112947 
12.475480580619852 6.618673497024293 
12.495096116123973 1.2743885783105786 
12.51471165162809 0.9078253338286736 
12.53432718713221 3.426675329065439 
12.553942722636329 1.196668496154878 
12.573558258140448 1.4942598027382517 
12.593173793644567 2.224155915921389 
12.612789329148686 2.3419913568695327 
12.632404864652806 1.8591572189402479 
12.652020400156925 2.7503224186223543 
12.671635935661044 1.3187930245071207 
12.691251471165163 1.3887610950713327 
12.710867006669282 1.611817721086511 
12.730482542173402 2.1369935025603186 
12.75009807767752 1.8161430418621924 
12.76971361318164 4.40455264838158 
12.78932914868576 1.332381829246549 
12.808944684189878 1.9597042364082515 
12.828560219693998 1.5006951147015197 
12.848175755198117 2.342381184088531 
12.867791290702236 1.8001171261537328 
12.887406826206355 1.4428648777953168 
12.907022361710476 1.364655054228531 
12.926637897214595 1.2148452559962315 
12.946253432718716 0.9508143974818317 
12.965868968222834 2.173037430686167 
12.985484503726951 1.8844647763089122 
13.005100039231072 1.7151924684043744 
13.024715574735191 1.903665916814687 
13.04433111023931 1.5059216170006002 
13.06394664574343 1.1529242916327673 
13.083562181247547 2.332085405460803 
13.103177716751668 2.020900743892403 
13.122793252255788 2.0202985126821615 
13.142408787759909 1.2602594783517447 
13.162024323264026 0.9615644782331076 
13.181639858768143 2.9738011173422545 
13.201255394272264 1.4550435061952758 
13.220870929776384 1.72030436254284 
13.240486465280505 4.892435915025977 
13.260102000784622 4.424454277770339 
13.27971753628874 1.6604283332044003 
13.29933307179286 1.994721553835363 
13.31894860729698 8.44524679240125 
13.3385641428011 2.055927869990367 
13.358179678305218 2.480041934303599 
13.377795213809335 1.7577811437357187 
13.397410749313456 6.359852751910923 
13.417026284817576 1.8456598964377915 
13.436641820321697 1.657284618354133 
13.456257355825814 1.436873983948004 
13.475872891329931 2.282158236476407 
13.495488426834054 1.82541888384478 
13.515103962338172 1.4630577091416037 
13.534719497842293 1.8213634112469732 
13.554335033346412 1.6672113350936966 
13.573950568850533 1.237084060348304 
13.59356610435465 2.2257802334014714 
13.61318163985877 1.4290463077796558 
13.632797175362889 2.215372929542304 
13.652412710867008 2.2371851597048797 
13.672028246371127 2.575659606446517 
13.691643781875246 3.003368615426498 
13.711259317379366 1.5278014709849068 
13.730874852883485 1.8596432461655357 
13.750490388387604 2.413772453722542 
13.770105923891723 1.0476963996415485 
13.789721459395842 1.7401155064964682 
13.809336994899962 1.59004292259488 
13.82895253040408 1.7631111871925877 
13.8485680659082 1.3362623071010262 
13.86818360141232 1.636377583157262 
13.887799136916438 2.221255680822411 
13.907414672420558 1.7570980929782354 
13.927030207924677 1.0810395580592527 
13.946645743428796 2.0702013908981463 
13.966261278932915 3.9560985547298517 
13.985876814437034 1.6365219898559404 
14.005492349941154 1.433195680032408 
14.025107885445273 1.4242414513247805 
14.044723420949392 1.9193611963927586 
14.064338956453511 4.697533782276315 
14.08395449195763 2.9163399220398105 
14.10357002746175 1.6547421443903445 
14.123185562965867 2.0021043750511653 
14.14280109846999 1.8101959734963216 
14.162416633974107 1.3309078804597843 
14.182032169478228 1.6588275002629134 
14.201647704982348 1.1911596573442473 
14.221263240486469 1.388729230490692 
14.240878775990586 2.464856643451764 
14.260494311494703 1.309942711691337 
14.280109846998824 1.1763701553580244 
14.299725382502944 1.6403132161089735 
14.319340918007065 1.3879436930496811 
14.338956453511182 1.5726638569908373 
14.3585719890153 1.3878738879067527 
14.37818752451942 1.0564750589880436 
14.39780306002354 1.6236831939818706 
14.41741859552766 3.0165526949122543 
14.437034131031778 3.91423831616738 
14.456649666535895 1.303220947800729 
14.476265202040016 2.2373637896086227 
14.495880737544136 1.3211926025549532 
14.515496273048257 1.6151934592860762 
14.535111808552374 1.9266020166000228 
14.554727344056491 1.2130162246877445 
14.574342879560612 1.254635915775763 
14.593958415064732 1.7467868222191485 
14.613573950568853 1.732420968645948 
14.63318948607297 1.3491273564482047 
14.65280502157709 1.401965819235596 
14.672420557081209 1.4817886996248373 
14.692036092585328 1.705237940744049 
14.711651628089449 1.9901205350734148 
14.731267163593566 3.0366638197217033 
14.750882699097687 1.150736136335354 
14.770498234601806 1.7125634274155215 
14.790113770105926 1.0824478824087087 
14.809729305610045 2.4115526896277983 
14.829344841114164 1.3487106838151448 
14.848960376618283 2.393698093559745 
14.868575912122402 2.6171413868942404 
14.888191447626522 1.1868117738573596 
14.90780698313064 1.387707430114087 
14.92742251863476 3.5222904714639305 
14.94703805413888 3.1638992095566807 
14.966653589642998 1.4052359025123728 
14.986269125147118 1.139584051326239 
15.005884660651237 1.2330542167942002 
15.025500196155356 1.0965946758094947 
15.045115731659475 2.1762202430493707 
15.064731267163594 1.7381430523130956 
15.084346802667714 1.1798677595875673 
15.103962338171833 1.0856513830754881 
15.123577873675952 1.3533626865774366 
15.143193409180071 0.9656634453377514 
15.16280894468419 2.2306990696069713 
15.18242448018831 1.3213394744295877 
15.202040015692427 2.297788813059786 
15.221655551196548 1.5024340620127943 
15.241271086700667 1.3944918784828184 
15.260886622204788 1.6658732840809456 
15.280502157708906 1.1663986092903817 
15.300117693213023 1.6813733284884613 
15.319733228717144 1.4788281289691163 
15.339348764221263 1.0959492741963066 
15.358964299725384 1.5818001533793165 
15.378579835229502 1.2434207560122934 
15.398195370733625 1.2103457338997656 
15.417810906237742 1.2178570102677657 
15.43742644174186 1.4523979172919461 
15.45704197724598 1.2321653169775217 
15.4766575127501 1.9659642825199 
15.49627304825422 2.7833930376166873 
15.515888583758338 1.2234526723113228 
15.535504119262455 1.4629845737365414 
15.555119654766576 1.107823569741627 
15.574735190270696 1.0994402998277633 
15.594350725774817 1.3114538648734628 
15.613966261278934 1.7337845018044518 
15.633581796783051 2.415013152515189 
15.653197332287172 0.9203821133789069 
15.672812867791292 1.2014221818404094 
15.69242840329541 1.94042078422331 
15.71204393879953 1.5845103987535627 
15.73165947430365 1.22217073032086 
15.751275009807769 1.2355029143606584 
15.770890545311888 1.3037651170895947 
15.790506080816009 1.1326861273070539 
15.810121616320126 1.240344775625434 
15.829737151824244 2.0131518468956338 
15.849352687328365 1.2940935884365663 
15.868968222832484 0.8452426521631479 
15.888583758336605 1.2549054999377396 
15.908199293840722 1.334174508194336 
15.92781482934484 0.8088181495371412 
15.94743036484896 0.8860470977396252 
15.96704590035308 1.1827069099104188 
15.9866614358572 1.280606393844923 
16.00627697136132 1.3073650709369267 
16.02589250686544 1.249710742323088 
16.04550804236956 1.13433715340359 
16.065123577873678 1.5329173589717633 
16.084739113377797 1.2413794097150685 
16.104354648881916 1.1999355437389942 
16.123970184386035 1.0614688752141546 
16.143585719890154 1.1118385587612347 
16.163201255394274 0.9728486710822891 
16.182816790898393 1.06645587255924 
16.202432326402512 1.156754674332208 
16.22204786190663 1.157443079227867 
16.24166339741075 1.1133307172711908 
16.26127893291487 1.060573228628664 
16.28089446841899 1.5977743139703269 
16.300510003923108 1.19568856786184 
16.320125539427227 1.4485836511274834 
16.339741074931347 1.0317862435140406 
16.359356610435466 1.754665839816445 
16.378972145939585 0.9855589520221528 
16.398587681443704 1.0774881573169603 
16.418203216947823 1.596472420700941 
16.437818752451943 1.6124931921584182 
16.457434287956062 1.135632794762448 
16.47704982346018 1.398058728169908 
16.4966653589643 1.3133044661718585 
16.51628089446842 0.37479442747310954 
16.53589642997254 1.176766868914556 
16.555511965476658 1.2547225445509917 
16.575127500980777 3.144379460639423 
16.594743036484896 1.2173173054252562 
16.614358571989015 1.4415665554718438 
16.633974107493135 1.003690863500625 
16.653589642997254 1.1477611895788513 
16.673205178501373 1.6307834921326851 
16.692820714005492 1.1113921172152674 
16.71243624950961 1.1605016080912254 
16.73205178501373 0.968715418402226 
16.75166732051785 1.042150123601045 
16.77128285602197 1.2810341648734096 
16.79089839152609 1.7914341555521796 
16.810513927030208 1.5523099451245905 
16.830129462534327 1.582117813540219 
16.849744998038446 1.642396928221472 
16.869360533542565 1.5097411037228468 
16.888976069046684 7.296246737639738 
16.908591604550804 1.8641779968592929 
16.928207140054923 1.370386095324364 
16.947822675559046 1.68986335006176 
16.967438211063165 1.1406506399601333 
16.987053746567284 1.29427197405259 
17.006669282071403 0.9618344314058354 
17.026284817575522 2.1329298944506445 
17.04590035307964 1.2321353181756105 
17.06551588858376 1.4104333476347233 
17.08513142408788 1.003369441930251 
17.104746959592 2.9623319949579607 
17.12436249509612 1.1988386167679261 
17.143978030600238 0.8743061695872215 
17.163593566104357 1.6195787097934584 
17.183209101608476 1.1868468108029555 
17.202824637112595 1.8424447318420973 
17.222440172616714 0.9773880972714576 
17.242055708120834 1.0275317971557787 
17.261671243624953 2.0152730354373056 
17.281286779129072 1.2287500952590238 
17.30090231463319 1.530206685812795 
17.32051785013731 0.8048602964840389 
17.34013338564143 1.9166566255438091 
17.35974892114555 0.8617284187133928 
17.379364456649668 2.0243462978124405 
17.398979992153787 1.3007137439128038 
17.418595527657907 1.109132393125185 
17.438211063162026 1.7874980939558862 
17.457826598666145 1.6543950642414327 
17.477442134170264 1.4470435198550102 
17.497057669674383 1.4084905683895546 
17.516673205178503 0.7998668010718178 
17.536288740682622 1.2411007155495521 
17.55590427618674 0.9872295235919191 
17.57551981169086 1.2561987116774107 
17.59513534719498 1.0799485575232328 
17.6147508826991 4.480063251354546 
17.634366418203218 1.495697912511603 
17.653981953707337 1.5219182775017075 
17.673597489211456 1.1686877561916054 
17.693213024715575 1.1992189637092319 
17.712828560219695 0.9144812287479147 
17.732444095723814 0.9241567570378605 
17.752059631227933 1.4758992766315213 
17.771675166732052 0.9555763104131578 
17.79129070223617 1.3593472740167734 
17.81090623774029 1.2410554801044282 
17.83052177324441 0.7441414261958885 
17.85013730874853 1.2671856391284064 
17.86975284425265 1.224575101757738 
17.889368379756768 0.7012848841410588 
17.908983915260887 1.4213160300463856 
17.928599450765006 0.8354093537638593 
17.948214986269125 0.7994976951480992 
17.967830521773244 1.0550191551630397 
17.987446057277364 1.4150753205297772 
18.007061592781483 1.380069963148511 
18.0266771282856 0.633912333598863 
18.04629266378972 1.1336494342806898 
18.06590819929384 1.2347227617711194 
18.08552373479796 0.627153570924129 
18.10513927030208 1.3196077771891006 
18.1247548058062 1.3285610166185178 
18.14437034131032 1.3085886374439306 
18.16398587681444 1.1716343910068243 
18.18360141231856 0.9277884820604321 
18.203216947822675 1.4222216634239204 
18.2228324833268 1.2766389758001169 
18.24244801883092 1.5430908230964508 
18.26206355433504 0.9751251082294422 
18.281679089839155 1.1469834389302864 
18.301294625343274 1.168578188882503 
18.320910160847397 1.3292179233748067 
18.340525696351516 1.6775284195830584 
18.360141231855632 1.5025386995573735 
18.37975676735975 0.7530561714739039 
18.39937230286387 1.262491430536799 
18.41898783836799 1.248823725000616 
18.43860337387211 1.781257844739908 
18.458218909376228 1.195048555512905 
18.477834444880347 1.4986348386024246 
18.497449980384467 1.0032357063291713 
18.517065515888586 0.9325249461071511 
18.536681051392705 1.2359209486586265 
18.556296586896824 1.2361172213811797 
18.575912122400943 2.303137870053356 
18.595527657905063 0.7220082552168574 
18.615143193409185 0.7550243510965549 
18.6347587289133 2.1601431249870053 
18.65437426441742 1.1016080009885756 
18.67398979992154 1.3317572569576925 
18.69360533542566 0.662456202252805 
18.713220870929774 1.487181040966938 
18.732836406433897 0.8382831167719821 
18.752451941938016 1.5845471478875797 
18.772067477442132 0.9778874259569821 
18.79168301294625 1.0171645548628574 
18.81129854845037 1.290474941890723 
18.830914083954493 1.4294797617691457 
18.85052961945861 1.1869122028251424 
18.87014515496273 1.2806580263749867 
18.88976069046685 2.4455114368325868 
18.90937622597097 0.7683849792933607 
18.92899176147509 0.8804457128858123 
18.94860729697921 2.3570820535591626 
18.968222832483328 1.3888687410804812 
18.987838367987447 1.132335373741678 
19.00745390349157 1.02703826302632 
19.027069438995685 1.2579239513886633 
19.046684974499804 1.2477514910383034 
19.066300510003924 2.1380716215300564 
19.085916045508043 1.3922294098942183 
19.10553158101216 0.7969943542751388 
19.12514711651628 1.1375890854163924 
19.1447626520204 0.958045879877609 
19.16437818752452 2.14243631064447 
19.18399372302864 1.2237910625208015 
19.20360925853276 1.4688815733364322 
19.22322479403688 1.173455762750798 
19.242840329541 1.32345577507601 
19.26245586504512 1.243039831363099 
19.282071400549235 0.732192948388523 
19.301686936053358 1.0925310277916742 
19.321302471557477 1.1108565149772256 
19.340918007061592 0.8164218301569798 
19.36053354256571 1.277156925245816 
19.38014907806983 0.7242398411702993 
19.39976461357395 0.5531535636078684 
19.41938014907807 0.768366976706196 
19.43899568458219 0.7109826598417871 
19.45861122008631 0.6531097285434458 
19.47822675559043 1.3007168245671907 
19.49784229109455 0.808317911509117 
19.51745782659867 1.9432570010171994 
19.537073362102788 1.6061659456453057 
19.556688897606907 1.0746900556739114 
19.576304433111027 1.127535825858725 
19.595919968615146 1.0388765782178697 
19.615535504119265 1.1078007106353198 
19.635151039623384 1.5820990534727475 
19.654766575127503 0.7286166254647165 
19.674382110631623 1.1394347677080807 
19.69399764613574 1.0512885058550876 
19.71361318163986 0.9039438121733043 
19.73322871714398 0.7707365251173477 
19.7528442526481 1.4046127136826647 
19.77245978815222 1.0510487398585564 
19.792075323656334 0.9716233887835538 
19.811690859160457 0.9888580476377006 
19.831306394664576 1.530665736380424 
19.850921930168692 0.9779595737421536 
19.87053746567281 2.588506427236123 
19.89015300117693 1.7128497681332884 
19.909768536681053 0.7730125319349981 
19.92938407218517 1.508687711987089 
19.94899960768929 0.6016268687906363 
19.96861514319341 1.2061753361075556 
19.98823067869753 1.4197591853595912 
20.00784621420165 0.8673086725975084 
20.02746174970577 1.4147456683717308 
20.047077285209888 0.8875488351264305 
20.066692820714007 0.9953860166215359 
20.08630835621813 1.215329479478977 
20.105923891722245 1.3330115489506302 
20.125539427226364 0.8583656474046313 
20.145154962730484 2.2194334803212747 
20.164770498234603 1.1127496479808785 
20.18438603373872 1.1316451075765355 
20.20400156924284 1.0680876360380638 
20.22361710474696 1.9806127459431073 
20.24323264025108 0.7072396822847145 
20.2628481757552 0.6108186663072676 
20.28246371125932 2.748753542977401 
20.30207924676344 0.6714787914339272 
20.32169478226756 0.9385729856023599 
20.34131031777168 0.7116013281191811 
20.360925853275795 0.9186316677683836 
20.380541388779918 0.9655661077450498 
20.400156924284037 0.8217912979808586 
20.419772459788152 0.8519973217173615 
20.43938799529227 0.8802004311687546 
20.45900353079639 1.381880990070727 
20.47861906630051 1.2820185009670746 
20.49823460180463 1.3759154563454554 
20.51785013730875 0.5979636496729762 
20.537465672812868 1.5653035787052247 
20.557081208316987 0.5265823059073313 
20.576696743821103 0.6830914898453135 
20.596312279325225 1.5687924667024775 
20.615927814829345 0.8765474364192204 
20.635543350333464 1.108707234250676 
20.655158885837583 0.7830407402461982 
20.674774421341706 1.2809362526976098 
20.69438995684582 1.1100269093242408 
20.71400549234994 0.9941609762866407 
20.733621027854063 0.7535649175442708 
20.753236563358183 1.252330138178833 
20.7728520988623 1.392906545420713 
20.79246763436642 0.81176258513519 
20.81208316987054 1.0769175173502645 
20.83169870537466 0.9359278241243941 
20.85131424087878 1.5844409824316221 
20.870929776382894 0.8179200226482496 
20.890545311887017 0.7919264484434089 
20.910160847391136 1.4019222391409236 
20.929776382895252 0.9063516950356628 
20.94939191839937 1.0167309890037377 
20.96900745390349 0.8025925548530041 
20.988622989407613 1.7230188696364412 
21.00823852491173 2.294340810236952 
21.02785406041585 0.6989017918947472 
21.04746959591997 1.9427143199048522 
21.06708513142409 0.8815075815467496 
21.08670066692821 1.3676127540890362 
21.10631620243233 1.0581110249465315 
21.125931737936448 1.2312347792160863 
21.145547273440567 0.9199054123069059 
21.16516280894469 1.3690093033301853 
21.184778344448805 1.5928130982695508 
21.204393879952924 1.9480453488303726 
21.224009415457044 1.1463866783667478 
21.243624950961163 1.1923762201168342 
21.26324048646528 1.020819891592276 
21.2828560219694 0.9773464914321065 
21.30247155747352 0.8719383502112116 
21.32208709297764 1.631426113247313 
21.34170262848176 0.8692501398089446 
21.36131816398588 0.7866415230279309 
21.38093369949 1.109417601974198 
21.40054923499412 1.0456669658440798 
21.42016477049824 1.0148629857614626 
21.439780306002355 1.2725695939723285 
21.459395841506478 0.9500109712088066 
21.479011377010597 1.1644503295230066 
21.498626912514712 1.4659577166863185 
21.51824244801883 1.0113056040679742 
21.53785798352295 1.3372509513453417 
21.55747351902707 0.838017654708504 
21.57708905453119 0.7647843845025353 
21.59670459003531 2.0994356546283326 
21.616320125539428 0.9950612872418714 
21.635935661043547 1.6385051188360014 
21.655551196547663 1.1635254096576404 
21.675166732051785 1.096821027891153 
21.694782267555905 2.1655478379278517 
21.714397803060024 1.683322625588454 
21.734013338564143 1.186759194581425 
21.753628874068266 1.3284149858755783 
21.77324440957238 1.8047301699731502 
21.7928599450765 1.0816261163174776 
21.81247548058062 1.2308036055438472 
21.83209101608474 1.430811666582582 
21.851706551588855 0.7923001164813966 
21.871322087092977 1.1068052260964796 
21.890937622597097 1.805039838722364 
21.910553158101216 1.0095106458241676 
21.93016869360533 1.0340104689776362 
21.94978422910945 1.1353061031895324 
21.969399764613577 2.4205438484933737 
21.989015300117696 0.9641533975237231 
22.008630835621812 1.4594640847102687 
22.02824637112593 1.2618297921106085 
22.04786190663005 1.1347483749286942 
22.067477442134173 1.2656651421610023 
22.08709297763829 1.2487760968483061 
22.10670851314241 0.8716097785134335 
22.12632404864653 1.7711298667150184 
22.14593958415065 1.5660969754483256 
22.16555511965477 1.1058787798424254 
22.18517065515889 1.1845918534136257 
22.204786190663008 1.4261488372537445 
22.224401726167127 0.8599509403947515 
22.24401726167125 2.7224485044132773 
22.263632797175365 1.6868619305480754 
22.283248332679484 0.888416612588111 
22.302863868183604 1.0788433488712503 
22.322479403687723 1.316525227226866 
22.34209493919184 1.0418990043588452 
22.36171047469596 0.9600641996822857 
22.38132601020008 1.2370356569841394 
22.4009415457042 1.4691740495485772 
22.42055708120832 1.2358699741297492 
22.44017261671244 1.408145455492598 
22.45978815221656 2.0699405708025167 
22.47940368772068 1.1402819743964314 
22.4990192232248 1.2487839717560671 
22.518634758728915 1.2575751908050439 
22.538250294233038 1.0328789593032688 
22.557865829737157 1.4317773839736805 
22.577481365241272 0.8973558640252701 
22.59709690074539 1.1479114625025648 
22.61671243624951 1.0486499011666908 
22.63632797175363 1.1212846894724462 
22.65594350725775 1.2222846045774547 
22.67555904276187 1.069030967696948 
22.695174578265988 1.663955055653607 
22.714790113770107 1.8917395568182127 
22.734405649274223 1.8562613459676862 
22.754021184778345 1.5006963550274486 
22.773636720282465 0.9607605066915368 
22.793252255786584 1.9069686847550884 
22.812867791290703 1.4494713992641701 
22.832483326794826 1.339668383797713 
22.85209886229894 2.753431521671211 
22.87171439780306 1.2088418851500164 
22.89132993330718 1.1758254418121366 
22.9109454688113 1.172486951271408 
22.930561004315415 1.0918131442557333 
22.950176539819537 2.547833630196651 
22.969792075323657 1.1122015371847738 
22.989407610827776 1.8395230820557407 
23.00902314633189 1.0573936248643367 
23.02863868183601 0.9333412114717822 
23.048254217340133 1.8201907080697128 
23.067869752844253 1.256835156997627 
23.08748528834837 5.140297599472464 
23.10710082385249 1.0051942844824724 
23.12671635935661 0.810816332229431 
23.14633189486073 0.8554168059080866 
23.16594743036485 1.2078291258498008 
23.185562965868968 0.9022189722600715 
23.205178501373087 0.8405279243119707 
23.224794036877206 1.0290443551101869 
23.24440957238133 1.0816428582002489 
23.26402510788545 0.9954692468778237 
23.283640643389568 1.0989535504543546 
23.303256178893687 0.8946061954260321 
23.32287171439781 1.2472252669315005 
23.342487249901925 1.2370694147375698 
23.362102785406044 1.0351388830708013 
23.381718320910164 2.72137499498681 
23.401333856414283 0.9391162239321037 
23.4209493919184 1.3619776568742965 
23.44056492742252 1.3355501998436 
23.46018046292664 1.4957019200762631 
23.47979599843076 1.4310865313209977 
23.49941153393488 1.006781059357985 
23.519027069439 1.0286627061014257 
23.53864260494312 1.2795382337117756 
23.55825814044724 1.0224291593202002 
23.57787367595136 0.9469210837113339 
23.597489211455475 1.259130045713952 
23.617104746959598 1.0710399377469897 
23.636720282463717 0.8950294208834584 
23.656335817967832 1.771249165621887 
23.67595135347195 0.9184239830049635 
23.69556688897607 1.9341185803016547 
23.71518242448019 0.7454744015391025 
23.73479795998431 0.8920751903975539 
23.75441349548843 1.3501920878129967 
23.774029030992548 1.0353305367466399 
23.793644566496667 1.4344496222403806 
23.813260102000783 1.0434480839871703 
23.832875637504905 1.0598880242188868 
23.852491173009025 0.8096741593166763 
23.872106708513144 1.203278930132743 
23.891722244017263 0.9871878295035379 
23.911337779521386 0.9119252472873169 
23.9309533150255 0.7363126509313129 
23.95056885052962 0.9777854899261659 
23.97018438603374 1.946063591078634 
23.98979992153786 0.9378439383536601 
24.009415457041975 1.4186100000893755 
24.029030992546097 0.8323336609537817 
24.048646528050217 1.219489115949858 
24.068262063554336 1.055375654946147 
24.08787759905845 0.826361728765239 
24.10749313456257 1.0761246568933254 
24.127108670066693 0.9246644445729734 
24.146724205570813 0.6619150529560448 
24.16633974107493 0.9274693025874204 
24.18595527657905 3.4903586743617985 
24.20557081208317 1.2019018570846463 
24.22518634758729 1.4469803441370082 
24.24480188309141 0.709968022094998 
24.264417418595528 1.9110698110287825 
24.284032954099647 1.815321017358759 
24.303648489603766 0.958562557185965 
24.32326402510789 1.4158578161455866 
24.342879560612005 0.7386854267092275 
24.362495096116124 1.3870653510777347 
24.382110631620243 1.0156228082724632 
24.40172616712436 2.2803142358869057 
24.42134170262848 0.8297640186656277 
24.4409572381326 1.117875336852554 
24.46057277363672 1.4765171978892209 
24.480188309140843 1.0815026841656035 
24.49980384464496 1.7244496766257154 
24.51941938014908 1.1795065902364408 
24.5390349156532 1.0712049412004583 
24.55865045115732 1.2119136896594953 
24.57826598666144 1.1098081430791493 
24.59788152216556 0.7211915125976768 
24.61749705766968 1.0653060978550162 
24.6371125931738 0.7057882570713385 
24.65672812867792 0.5931597594819137 
24.676343664182035 0.7978786878638131 
24.695959199686158 1.2505458217132126 
24.715574735190277 1.2209711008114048 
24.735190270694392 0.7298730388764875 
24.75480580619851 0.8322149733400054 
24.77442134170263 0.9209843182533548 
24.79403687720675 1.7411523150193227 
24.81365241271087 1.0578019120989763 
24.83326794821499 0.777499529911687 
24.852883483719108 1.2524980422876766 
24.872499019223227 1.2228571592670787 
24.892114554727343 1.3837601051397266 
24.911730090231465 1.157407861983133 
24.931345625735585 1.3448177704587718 
24.950961161239704 1.0930801495025955 
24.970576696743823 1.1178747907271394 
24.990192232247946 1.125828757644268 
25.00980776775206 1.1236148521969538 
25.02942330325618 1.266210117255713 
25.0490388387603 2.0479260514708066 
25.06865437426442 1.2833140104335823 
25.088269909768535 0.8572871326517796 
25.107885445272657 1.3800475620442343 
25.127500980776777 0.7220153282050712 
25.147116516280896 0.9898539237317048 
25.16673205178501 1.290310484180754 
25.18634758728913 1.6640171013294651 
25.205963122793253 1.1826709521137275 
25.225578658297373 0.6115226392296617 
25.24519419380149 0.7217586390376106 
25.26480972930561 1.6232171389838086 
25.28442526480973 0.857579839041891 
25.30404080031385 1.3817043979190673 
25.32365633581797 1.3614104615733402 
25.343271871322088 0.9601150841989035 
25.362887406826207 3.0732905372420065 
25.382502942330326 1.1226069814265893 
25.40211847783445 0.8488558528599845 
25.421734013338565 1.6934018221437614 
25.441349548842684 1.8024039851561318 
25.460965084346803 1.9648864761877594 
25.48058061985092 1.1231428775174592 
25.50019615535504 0.8939686555645765 
25.51981169085916 0.9290643137303733 
25.53942722636328 0.8729162677364968 
25.5590427618674 1.2365200787905262 
25.57865829737152 1.029905295417393 
25.59827383287564 1.2971590185882358 
25.61788936837976 1.2804695646130768 
25.63750490388388 1.7816592089177976 
25.657120439387995 1.926015399899368 
25.676735974892114 1.2710684488301778 
25.696351510396237 2.5870502102852018 
25.715967045900356 0.7997387705163448 
25.735582581404472 1.0134762444302206 
25.755198116908595 1.2078827105744185 
25.774813652412718 1.0132944737997343 
25.794429187916837 0.9377066427702976 
25.814044723420952 1.2541687665615264 
25.83366025892507 2.198472993328403 
25.85327579442919 0.8417207989681728 
25.87289132993331 1.2730666209789816 
25.89250686543743 1.0685721333886826 
25.91212240094155 1.1830589119688066 
25.931737936445668 1.6629167820604 
25.951353471949787 1.550739277962124 
25.970969007453903 0.729800613353088 
25.990584542958025 1.4146073721020174 
26.010200078462145 0.8792863444170658 
26.029815613966264 1.6032758159086273 
26.049431149470383 1.5467114380897422 
26.069046684974506 0.6950139184212792 
26.08866222047862 0.42769742789872384 
26.10827775598274 0.8051233448671083 
26.12789329148686 0.48811605996347046 
26.14750882699098 0.7276547872677195 
26.167124362495095 0.6761915415748038 
26.186739897999217 0.9853098352435385 
26.206355433503337 1.2334913919967412 
26.225970969007456 0.8298962571558434 
26.24558650451157 0.673311919774091 
26.26520204001569 0.8136975834369985 
26.284817575519813 1.4798794153774197 
26.304433111023933 0.9276099785634575 
26.32404864652805 2.802452854965484 
26.34366418203217 0.9177298733279682 
26.36327971753629 0.9769373413615233 
26.38289525304041 1.209124762330254 
26.40251078854453 1.6141430779017012 
26.422126324048648 0.9786851410282937 
26.441741859552767 0.8491055706430856 
26.461357395056886 0.6785063725071113 
26.48097293056101 1.1477002468498958 
26.500588466065125 1.061746114003516 
26.520204001569244 1.0963454350987205 
26.539819537073363 1.0370785577087047 
26.55943507257748 2.9325205546603703 
26.5790506080816 1.5426508662237084 
26.59866614358572 1.3733143406658275 
26.61828167908984 1.4812514128346401 
26.63789721459396 1.3007240725150713 
26.65751275009808 1.7746071031642876 
26.6771282856022 0.7666064862477174 
26.69674382110632 1.1465455206013515 
26.71635935661044 1.0633045418357507 
26.735974892114555 1.2847010729974397 
26.755590427618674 3.9683745473526053 
26.775205963122797 1.8631431918965615 
26.794821498626916 0.788042712645808 
26.814437034131032 0.8580064891370529 
26.83405256963515 1.0226454762984754 
26.85366810513927 0.6566570500461003 
26.87328364064339 0.720544209421124 
26.89289917614751 1.285228885085634 
26.912514711651628 1.0147411546531626 
26.932130247155747 0.8247804968581073 
26.951745782659867 0.8079072248943201 
26.971361318163986 0.7459875865185112 
26.99097685366811 0.9389227233014735 
27.010592389172228 1.1916338938275535 
27.030207924676347 0.9890948097516477 
27.049823460180463 1.583817580397454 
27.069438995684585 2.0457505481802523 
27.089054531188705 1.4539296090019087 
27.108670066692824 1.9256973228663952 
27.128285602196943 1.8066503296584817 
27.147901137701066 0.6521071617141957 
27.16751667320518 1.1782744796383564 
27.1871322087093 1.616039483051523 
27.20674774421342 1.3553149580402244 
27.22636327971754 1.0941984288968754 
27.245978815221655 2.1239662096110123 
27.265594350725777 1.298009968693161 
27.285209886229897 1.1865195878000707 
27.304825421734016 1.5444883942667478 
27.32444095723813 1.0925240597031434 
27.34405649274225 1.7065783015276694 
27.363672028246373 1.8020654141963732 
27.383287563750493 0.8559835639040709 
27.40290309925461 0.7867011297861449 
27.42251863475873 1.1863247025620336 
27.44213417026285 0.9879065941586729 
27.46174970576697 1.4203254911584724 
27.48136524127109 1.1850683163973792 
27.500980776775208 1.9539176859271619 
27.520596312279327 2.430810024486809 
27.540211847783446 1.3077951347183383 
27.55982738328757 0.885612358550226 
27.579442918791685 1.2624966210126145 
27.599058454295804 2.211226056831062 
27.618673989799923 1.1790782782359586 
27.63828952530404 1.0611699219873425 
27.65790506080816 1.0179509364585504 
27.67752059631228 1.0341812760027702 
27.6971361318164 1.4799736715124059 
27.71675166732052 2.826258318788222 
27.73636720282464 1.0795777864670817 
27.75598273832876 1.5617388206811738 
27.77559827383288 1.0249407575792044 
27.795213809337 0.972676132591289 
27.814829344841115 1.802758255606126 
27.834444880345234 0.9654749544123097 
27.854060415849357 1.0796632704505997 
27.873675951353476 1.3698021342839204 
27.893291486857592 2.7120869855974044 
27.91290702236171 1.2498047123180083 
27.93252255786583 0.9038701467420313 
27.95213809336995 1.3742692927428277 
27.97175362887407 1.1982058850824964 
27.991369164378188 1.4809674506496802 
28.010984699882307 1.3508878770976032 
28.030600235386427 1.3945131444469938 
28.050215770890546 1.2416825298337615 
28.069831306394665 1.357078805122165 
28.089446841898784 0.8928699193543876 
28.109062377402903 2.528703107967705 
28.128677912907023 1.153213374785269 
28.148293448411145 0.9908466308830062 
28.16790898391526 1.2654693687392906 
28.18752451941938 0.8676976027803455 
28.2071400549235 2.2586253980679114 
28.22675559042762 0.9627324342418863 
28.246371125931734 0.9652838140187643 
28.26598666143586 1.3610822192266008 
28.28560219693998 1.4688628028358912 
28.3052177324441 1.2154558189196287 
28.324833267948215 1.117705540151178 
28.344448803452337 1.5057620585497355 
28.364064338956457 2.279745140386157 
28.383679874460576 1.4622418773797636 
28.40329540996469 1.753883183116623 
28.42291094546881 1.4683501676328121 
28.442526480972933 1.3594638791458067 
28.462142016477053 0.7082033801794754 
28.48175755198117 0.9753562500942761 
28.50137308748529 2.263480141757987 
28.52098862298941 1.0938872551034788 
28.54060415849353 3.0026916023034604 
28.56021969399765 1.3520268857129791 
28.579835229501768 0.7289869563744557 
28.599450765005887 1.340572157833941 
28.619066300510006 1.2978926539561166 
28.63868183601413 2.008813481396068 
28.658297371518245 1.4645381554433 
28.677912907022364 1.6953115714449771 
28.697528442526483 1.384077764356835 
28.7171439780306 1.459184779996721 
28.73675951353472 1.2830023368230021 
28.75637504903884 1.4339333729291144 
28.77599058454296 0.9675188854002174 
28.79560612004708 1.2005004372592156 
28.8152216555512 1.0180805323486088 
28.83483719105532 1.0362919017230552 
28.85445272655944 1.4466217186784307 
28.87406826206356 1.1421519081246807 
28.893683797567675 1.658242306448122 
28.913299333071794 1.6845757163084696 
28.932914868575917 1.2482962800835407 
28.952530404080036 1.4322232650466622 
28.972145939584152 1.1337666672132931 
28.99176147508827 1.1366932997225385 
29.01137701059239 1.7325104022611084 
29.03099254609651 1.1753000422185236 
29.05060808160063 1.0686540779259437 
29.070223617104748 2.4129564560147085 
29.089839152608867 0.9956646227654333 
29.109454688112987 1.589712726826515 
29.129070223617106 0.9275070560845782 
29.148685759121225 1.3509470041654064 
29.168301294625344 0.9048695628108555 
29.187916830129463 0.9602019839148223 
29.207532365633583 1.3091652144111734 
29.227147901137705 1.0422513521335617 
29.24676343664182 1.5381380792746493 
29.26637897214594 1.9235321286280649 
29.28599450765006 0.8636032582254198 
29.30561004315418 1.0070687280909398 
29.325225578658294 1.2677448383590888 
29.344841114162417 0.8430263522112793 
29.364456649666536 1.0496498440741935 
29.384072185170652 1.0998723260120362 
29.40368772067477 1.629655816111344 
29.42330325617889 1.3049727937766589 
29.442918791683013 1.4687380220321793 
29.46253432718713 0.9004486996224154 
29.48214986269125 2.068046484818453 
29.50176539819537 1.5190668900504654 
29.521380933699493 6.524938493772907 
29.540996469203613 1.4075972278028803 
29.56061200470773 3.047018706428273 
29.58022754021185 0.7471517858993836 
29.59984307571597 2.004602478428775 
29.61945861122009 0.8643998445303083 
29.63907414672421 0.8963774771935512 
29.658689682228328 1.1117904133977665 
29.678305217732447 0.9938781830584774 
29.697920753236566 0.8127173986108075 
29.71753628874069 0.8982501919515846 
29.737151824244805 1.5198446551036688 
29.756767359748924 0.9413928537293409 
29.776382895253043 1.9729447986442963 
29.79599843075716 1.199386481653761 
29.81561396626128 1.898588844865368 
29.8352295017654 0.8187336914674647 
29.85484503726952 1.2715007244061367 
29.87446057277364 1.3562132312838813 
29.89407610827776 0.8042920788163105 
29.91369164378188 1.4500121364586347 
29.933307179286 1.2256710750751045 
29.95292271479012 0.6168647135848909 
29.972538250294235 1.0707547017839882 
29.992153785798354 0.9959939022953846 
30.011769321302477 2.7960194806997984 
30.031384856806596 1.3873126310554633 
30.051000392310712 1.425575991875716 
30.07061592781483 0.8909310054795662 
30.09023146331895 1.3995743386799826 
30.10984699882307 0.9517180168694974 
30.12946253432719 1.9921215778446428 
30.149078069831308 1.4245927313654976 
30.168693605335427 1.332477682158427 
30.188309140839547 0.8688167730453888 
30.207924676343666 1.0886504194903428 
30.227540211847785 1.3676430421999661 
30.247155747351904 1.8666605703468901 
30.266771282856023 0.6916980705772947 
30.286386818360143 1.5053267135254154 
30.306002353864265 1.5391285131517274 
30.32561788936838 1.2887116171569215 
30.3452334248725 0.9665863815776762 
30.36484896037662 1.2151926964673865 
30.38446449588074 1.0015107767131277 
30.404080031384854 1.294856651858303 
30.423695566888977 3.746102574152925 
30.443311102393096 1.2401053439466543 
30.462926637897212 1.231725105137136 
30.48254217340133 1.9561175385203537 
30.50215770890545 1.13038558790608 
30.521773244409573 0.9642668203427628 
30.54138877991369 0.7740041103317337 
30.56100431541781 1.3717856974559186 
30.58061985092193 1.2482850652549484 
30.60023538642605 0.7878684668597183 
30.61985092193017 1.1934115233020324 
30.63946645743429 1.853330461522627 
30.659081992938408 1.26783051144354 
30.678697528442527 1.0038383317120978 
30.69831306394665 1.0823219495197745 
30.717928599450765 1.0934208419683349 
30.737544134954884 1.6847294536092385 
30.757159670459004 1.2237020540069672 
30.776775205963126 1.5626288505435793 
30.79639074146725 1.1384178627141852 
30.816006276971365 1.0252848752903732 
30.835621812475484 1.5400460943995806 
30.855237347979603 1.277103106743006 
30.87485288348372 0.9005242088441257 
30.89446841898784 1.6687949407298535 
30.91408395449196 0.9546209419014343 
30.93369948999608 0.9492791173987083 
30.9533150255002 1.4167970417831746 
30.97293056100432 1.4162384594642532 
30.99254609650844 1.8413562357378281 
31.01216163201256 0.8337659392666541 
31.03177716751668 1.8245989681787222 
31.051392703020795 0.7267939443487719 
31.071008238524914 1.17583162911427 
31.090623774029037 1.8512219236291847 
31.110239309533156 0.8732791542977756 
31.129854845037272 0.6917825792643271 
31.14947038054139 1.0479314211007702 
31.16908591604551 1.9761990570775025 
31.18870145154963 1.0018632486068904 
31.20831698705375 1.0555984818110045 
31.227932522557868 0.7590028871190647 
31.247548058061987 1.310541583791851 
31.267163593566107 1.0873864685398225 
31.286779129070226 0.7367650645579857 
31.306394664574345 1.461824671909092 
31.326010200078464 2.637151827006064 
31.345625735582583 0.8186033027530755 
31.365241271086703 1.0155437352912167 
31.38485680659082 0.987284454007616 
31.40447234209494 2.2709953078483003 
31.42408787759906 0.9955350083352467 
31.44370341310318 0.7519387239596033 
31.4633189486073 2.5947558323484192 
31.482934484111414 0.7822061658558155 
31.502550019615537 1.0216610002566344 
31.522165555119656 1.0211678164275324 
31.541781090623772 2.4540833445738746 
31.56139662612789 1.1248409256572427 
31.58101216163201 1.0794479639076022 
31.600627697136133 1.2760814669343845 
31.62024323264025 1.5983678855739079 
31.63985876814437 2.0767774552927043 
31.65947430364849 2.09699761759346 
31.67908983915261 1.4242004352362376 
31.69870537465673 0.8837421841431554 
31.71832091016085 0.8701963643530454 
31.737936445664968 1.4469380195127581 
31.757551981169087 0.9195015122057124 
31.77716751667321 0.8766875625573123 
31.796783052177325 2.297982408586202 
31.816398587681444 1.9669446611447292 
31.836014123185564 1.3367295788761075 
31.855629658689683 0.7682438273742627 
31.8752451941938 0.9626805516096204 
31.89486072969792 0.8179457744171746 
31.91447626520204 0.982819682621849 
31.93409180070616 0.7191328355468298 
31.95370733621028 0.8554586567968194 
31.9733228717144 1.3403402479231614 
31.99293840721852 1.4377923185030288 
32.01255394272264 0.6554186995913687 
32.03216947822676 1.4358188245547008 
32.05178501373088 3.6688397714100645 
32.071400549234994 0.9023038372088473 
32.09101608473912 1.4739580282510718 
32.11063162024323 0.8110137684126403 
32.130247155747355 1.3082835047742598 
32.14986269125147 2.2775632507984462 
32.169478226755594 0.887763596966772 
32.18909376225971 1.2109327535228505 
32.20870929776383 0.9892568755523633 
32.22832483326795 1.6320288548581021 
32.24794036877207 2.1626542240832496 
32.267555904276186 0.9114542563383776 
32.28717143978031 2.1048524609778907 
32.306786975284425 0.7223447545961669 
32.32640251078855 1.4567932564880928 
32.34601804629266 1.52628276864803 
32.365633581796786 1.8130279144852863 
32.3852491173009 1.0178944922136168 
32.404864652805024 1.716110018029725 
32.42448018830914 1.267354095697721 
32.44409572381326 2.822042873405516 
32.46371125931738 1.003017388160925 
32.4833267948215 1.4555018873953756 
32.50294233032562 0.5898909983693839 
32.52255786582974 1.696076724042015 
32.542173401333855 0.7464043873354784 
32.56178893683798 1.162180977056624 
32.58140447234209 0.8617195705184979 
32.601020007846216 1.7638081835917252 
32.62063554335033 1.455944129821161 
32.640251078854455 1.2834832183765212 
32.65986661435858 1.2531791821967924 
32.67948214986269 1.2004432342965579 
32.699097685366816 1.4039056765315405 
32.71871322087093 1.7896416535665243 
32.738328756375054 1.244594796068651 
32.75794429187917 1.4330370317452876 
32.77755982738329 1.4798307252631389 
32.79717536288741 1.1620504717503746 
32.81679089839153 0.9059134506815254 
32.83640643389565 0.8669674894300489 
32.85602196939977 0.9882112668892048 
32.875637504903885 0.7997852488891204 
32.89525304040801 1.0485412378147467 
32.914868575912124 1.3480003754946843 
32.934484111416246 1.03563083238658 
32.95409964692036 3.4595054187635013 
32.973715182424485 1.4409711386949515 
32.9933307179286 1.419904980973491 
33.01294625343272 1.1855469643570917 
33.03256178893684 1.6615033845704754 
33.05217732444096 0.8834412578284551 
33.07179285994508 1.442865515598928 
33.0914083954492 0.9615405687731919 
33.11102393095332 0.9623518791203585 
33.13063946645744 1.9671040521112608 
33.150255001961554 1.0420058508880696 
33.16987053746568 2.0554984476912894 
33.18948607296979 1.0539130862816477 
33.209101608473915 1.5109438769205694 
33.22871714397803 1.6488086345419244 
33.248332679482154 1.149262651866124 
33.26794821498627 1.0927677216609655 
33.28756375049039 2.2394879996489325 
33.30717928599451 0.9642528386426046 
33.32679482149863 1.4020977560456493 
33.346410357002746 1.7587552306488938 
33.36602589250687 1.4547305343436139 
33.385641428010985 1.4411327068717787 
33.40525696351511 1.7871891234857693 
33.42487249901922 2.365488213860856 
33.444488034523346 0.6799958053388978 
33.46410357002746 2.0365942928869805 
33.483719105531584 2.376423661307355 
33.5033346410357 1.0109780840754754 
33.52295017653982 0.9248001866682519 
33.54256571204394 1.9832584967246254 
33.56218124754806 1.3903051684564995 
33.58179678305218 1.419248603904857 
33.6014123185563 2.1602943408228765 
33.621027854060415 1.2262794626892894 
33.64064338956454 1.1439865016701292 
33.66025892506865 1.5696665669819663 
33.679874460572776 1.6754684754321079 
33.69948999607689 1.628574040571941 
33.719105531581015 1.3180989692831997 
33.73872106708513 1.2831389828032222 
33.75833660258925 1.1377686213852949 
33.77795213809337 1.3308837588044367 
33.79756767359749 0.976199195949868 
33.81718320910161 1.7420099497062667 
33.83679874460573 0.8568328975256873 
33.856414280109846 1.4663969383329167 
33.87602981561397 1.0607526469442667 
33.89564535111809 1.1448585743320865 
33.91526088662221 0.8909619173627523 
33.93487642212633 3.0739307193408427 
33.954491957630445 1.8788238778752109 
33.97410749313457 0.8303873707346696 
33.993723028638684 1.8599764716194167 
34.013338564142806 3.020996824092255 
34.03295409964692 1.0613745193234578 
34.052569635151045 1.704321214200628 
34.07218517065516 1.2543378208605294 
34.09180070615928 2.275928359625356 
34.1114162416634 1.2499558925584486 
34.13103177716752 1.1637382359320396 
34.15064731267164 1.9645780284940844 
34.17026284817576 2.0826278660564346 
34.18987838367988 1.5002137956167998 
34.209493919184 1.8781767900807662 
34.229109454688114 1.7231373978462956 
34.24872499019224 1.1184001651764033 
34.26834052569635 0.9702419451829392 
34.287956061200475 1.5751290699238232 
34.30757159670459 0.7651114400803907 
34.327187132208714 1.0921511384575437 
34.34680266771283 1.4797648163829815 
34.36641820321695 4.315532559636815 
34.38603373872107 1.0596214012497753 
34.40564927422519 1.1550683191815936 
34.425264809729306 2.0275244332314544 
34.44488034523343 2.0964278358059536 
34.464495880737545 0.9678195972695222 
34.48411141624167 1.1667178381147738 
34.50372695174578 1.5391801238050924 
34.523342487249906 1.148169895400245 
34.54295802275402 0.9485108821156432 
34.562573558258144 0.9982566408698038 
34.58218909376226 1.3027009467068997 
34.60180462926638 0.8463448314642137 
34.6214201647705 1.2415319317197686 
34.64103570027462 0.8826040395973719 
34.66065123577874 1.1712648364532583 
34.68026677128286 1.167228770015163 
34.699882306786975 1.2652087112639445 
34.7194978422911 0.6302791433691443 
34.73911337779521 1.0860246640015638 
34.758728913299336 1.0521438983645701 
34.77834444880345 0.8340321637574699 
34.797959984307575 0.8584200011889911 
34.81757551981169 1.3622700072376666 
34.83719105531581 0.6091895404669717 
34.85680659081993 0.7659132925576874 
34.87642212632405 0.5723843896937864 
34.89603766182817 0.7943158186926336 
34.91565319733229 1.2766784934624436 
34.935268732836406 0.8322535225018407 
34.95488426834053 0.882162400650367 
34.974499803844644 1.0160731838888943 
34.99411533934877 0.7561735060287407 
35.01373087485288 1.1516878046896293 
35.033346410357005 1.1283124302496792 
35.05296194586112 0.7821813715415351 
35.072577481365244 0.9252584162322955 
35.09219301686936 1.1056356423011469 
35.11180855237348 0.8670722426492069 
35.1314240878776 1.2894658453019114 
35.15103962338172 0.8814175643684887 
35.17065515888584 0.922108207263977 
35.19027069438996 1.1528859046790652 
35.20988622989408 2.4944777208045363 
35.2295017653982 1.1165161276227877 
35.24911730090232 0.7518846359068272 
35.26873283640644 1.872899802616168 
35.28834837191056 1.3662006255597434 
35.307963907414674 0.8807358817031902 
35.3275794429188 0.7802283636220841 
35.34719497842291 1.047131330299458 
35.366810513927035 1.440067537064364 
35.38642604943115 1.6700799664175079 
35.406041584935274 0.8361036765984241 
35.42565712043939 1.1867358842052802 
35.44527265594351 1.488143170730034 
35.46488819144763 0.6854625901293173 
35.48450372695175 0.978602357764527 
35.504119262455866 1.3551010802798613 
35.52373479795999 1.8165792478495582 
35.543350333464105 2.878404578001758 
35.56296586896823 0.5043657479861016 
35.58258140447234 1.426249693586045 
35.602196939976466 1.4084296292215992 
35.62181247548058 0.7534146000611008 
35.641428010984704 1.4816053982350659 
35.66104354648882 1.3633044945451993 
35.68065908199294 1.2414618071326782 
35.70027461749706 1.5379368044271278 
35.71989015300118 1.254305086786141 
35.7395056885053 2.3920128334191832 
35.75912122400942 1.8789342935692126 
35.778736759513535 3.1793123444904077 
35.79835229501766 0.7999766181590015 
35.81796783052177 2.326515015291483 
35.837583366025896 1.0621127672947361 
35.85719890153001 0.9699013126119829 
35.876814437034135 1.320304574572168 
35.89642997253825 0.9589522936620195 
35.91604550804237 1.1895886031054739 
35.93566104354649 1.2916617347662902 
35.95527657905061 1.0046132197697248 
35.97489211455473 1.0356209519798398 
35.99450765005885 1.8416239356984234 
36.014123185562966 1.0641111429677899 
36.03373872106709 1.4477847576794318 
36.0533542565712 1.105311697040027 
36.07296979207533 1.0413115404861963 
36.09258532757944 0.8106400441914842 
36.112200863083565 1.386473714159445 
36.13181639858768 0.9565902056473634 
36.15143193409181 1.2384383255983415 
36.17104746959592 0.7820516613339654 
36.19066300510004 2.1029319717004644 
36.21027854060416 1.0285973767160936 
36.22989407610828 1.3867316347125582 
36.2495096116124 1.0398717693941937 
36.26912514711652 0.7315510505616855 
36.28874068262064 3.2058229695072913 
36.30835621812476 1.3198630794190784 
36.32797175362887 1.089952490121286 
36.347587289133 0.8432598218168568 
36.36720282463711 1.9469837940216537 
36.386818360141234 1.1208654266858693 
36.40643389564535 1.0206865220236159 
36.42604943114947 0.7626653044731219 
36.4456649666536 1.0444448842392493 
36.46528050215771 1.5439174196758116 
36.48489603766184 1.750058829214965 
36.50451157316595 0.9361887068002351 
36.52412710867007 1.845777663881804 
36.54374264417419 2.1773849514028596 
36.56335817967831 1.0320742271211414 
36.582973715182426 0.8725107729930984 
36.60258925068655 1.7241562437881597 
36.622204786190665 1.0603192446713017 
36.64182032169479 1.1875786100915868 
36.6614358571989 0.9999089313595946 
36.68105139270303 1.619048857412375 
36.70066692820714 0.5882288742831859 
36.720282463711264 1.0292723818739287 
36.73989799921538 1.6754436294382387 
36.7595135347195 0.7879029397054587 
36.77912907022362 1.5484440482699842 
36.79874460572774 1.128048784806589 
36.81836014123186 0.9787062464652679 
36.83797567673598 1.015575201130551 
36.857591212240095 0.8724140925830359 
36.87720674774422 1.350090310953351 
36.89682228324833 1.2696514899414986 
36.916437818752456 3.932406030219572 
36.93605335425657 0.9495083509013268 
36.955668889760695 1.6604625312103531 
36.97528442526481 1.2754334167086157 
36.99489996076893 0.8752827408825695 
37.01451549627305 1.2718456990362834 
37.03413103177717 1.2976851671460186 
37.05374656728129 0.412407442751133 
37.07336210278541 0.977914653840653 
37.092977638289526 1.4600414552502476 
37.11259317379365 1.0606942391726635 
37.13220870929776 1.4730473974811993 
37.15182424480189 1.861112743613731 
37.171439780306 0.8808962626860547 
37.191055315810125 1.5122457799008135 
37.21067085131424 1.087643448672127 
37.23028638681837 0.7298804499103679 
37.24990192232248 1.287152905997266 
37.2695174578266 1.221139359814883 
37.28913299333072 1.1971716005896316 
37.30874852883484 0.9282087828745582 
37.32836406433896 1.4565430499752523 
37.34797959984308 0.8310217479174288 
37.3675951353472 1.0437167788715231 
37.38721067085132 1.0107895867366814 
37.40682620635543 1.0187722714070024 
37.42644174185956 1.3187943714027444 
37.44605727736367 2.101752600249462 
37.465672812867794 1.2243877955866782 
37.48528834837191 0.8264081510527949 
37.50490388387603 0.5633561151334207 
37.52451941938015 1.2974207571706777 
37.54413495488427 0.6486688145770226 
37.56375049038839 0.9752091648378368 
37.58336602589251 0.7878930039844586 
37.60298156139663 0.516471470070757 
37.62259709690075 1.3702101173751513 
37.64221263240486 2.3324340370415766 
37.661828167908986 0.9472315582199915 
37.68144370341311 0.957221008001121 
37.701059238917225 0.8652779178685189 
37.72067477442135 0.6329790797982462 
37.74029030992546 1.326827204892234 
37.75990584542959 0.8629866573565049 
37.7795213809337 1.1755804677570623 
37.799136916437824 0.7259911372844566 
37.81875245194194 1.033091999951467 
37.83836798744606 0.6365018258191509 
37.85798352295018 0.7810872847468753 
37.8775990584543 0.9891831284447542 
37.89721459395842 0.7149384800741748 
37.91683012946254 0.5961669353292597 
37.936445664966655 0.7722379122174792 
37.95606120047078 0.6710569173961202 
37.97567673597489 0.7256472665069441 
37.995292271479016 0.7861396075826078 
38.01490780698313 0.5391798359037124 
38.034523342487255 0.7404760242813632 
38.05413887799137 0.6163932449659374 
38.07375441349549 0.6585245413478512 
38.09336994899961 1.0692449522655874 
38.11298548450373 1.433397116497489 
38.13260102000785 1.7124750275466731 
38.15221655551197 0.6801887058450498 
38.171832091016086 0.8647944637716398 
38.19144762652021 0.8177905483216406 
38.21106316202432 1.2890666390354577 
38.23067869752845 0.7321403312522357 
38.25029423303256 0.5767231866497192 
38.269909768536685 0.5828585457497418 
38.2895253040408 0.7901250694112171 
38.30914083954492 0.807957827002551 
38.32875637504904 1.0066010007852935 
38.34837191055316 0.9268673586251603 
38.36798744605728 1.0406115882043983 
38.3876029815614 1.434063447604214 
38.40721851706552 0.6178679898910884 
38.42683405256964 0.7011769908806864 
38.44644958807376 0.9452775310159589 
38.46606512357788 1.0832888214812633 
38.48568065908199 0.8528073445735423 
38.50529619458612 0.9461290110910782 
38.52491173009023 0.6897495776282707 
38.544527265594354 1.6094336225138055 
38.56414280109847 2.4326140541670243 
38.58375833660259 0.9642037789917082 
38.60337387210671 1.167049645551587 
38.62298940761083 1.084710634932356 
38.64260494311495 1.210689818655538 
38.66222047861907 0.9335666117586332 
38.68183601412319 1.5152679497692343 
38.70145154962731 1.0264977907011803 
38.72106708513142 1.1652383634688905 
38.740682620635546 1.331120442259201 
38.76029815613966 0.9991967541988349 
38.779913691643785 1.5882016912677797 
38.7995292271479 1.8111730712651835 
38.81914476265202 1.322367378559507 
38.83876029815614 2.1938093563936927 
38.85837583366026 1.1982178829034993 
38.87799136916438 1.4052195177209166 
38.8976069046685 1.6879247499010197 
38.91722244017262 0.5931139884372526 
38.93683797567674 1.1042134665513563 
38.95645351118086 1.1845157057579232 
38.97606904668498 3.317267545986231 
38.9956845821891 1.6165421689787776 
39.015300117693215 1.224206704555745 
39.03491565319734 2.663349260828074 
39.05453118870145 1.3153490638338543 
39.074146724205576 2.0015177844355962 
39.09376225970969 1.262086799198723 
39.113377795213815 1.3832028074875067 
39.13299333071793 1.0784964338254281 
39.15260886622205 1.4875451118023926 
39.17222440172617 1.0051636830636927 
39.19183993723029 2.778174976160673 
39.21145547273441 1.5044092225604888 
39.23107100823853 0.9163891875893034 
39.250686543742646 2.1727882046555242 
39.27030207924677 1.4688497104522575 
39.28991761475088 0.9396472371291025 
39.30953315025501 2.0559707990047973 
39.32914868575912 1.070270050283174 
39.348764221263245 1.4321127260497257 
39.36837975676736 1.3387085281942002 
39.38799529227148 1.5735526397347397 
39.4076108277756 1.054876057610861 
39.42722636327972 1.680943500753749 
39.44684189878384 2.169171895268375 
39.46645743428796 1.1932643228533049 
39.48607296979208 1.4491776949920245 
39.5056885052962 2.136652508912494 
39.52530404080032 1.5451001558116522 
39.54491957630444 1.0877720683555423 
39.56453511180855 0.9879403730833575 
39.58415064731268 1.5971301736226693 
39.60376618281679 1.0408579461849954 
39.623381718320914 1.1879322872388005 
39.64299725382503 0.6483739019605084 
39.66261278932915 1.2328577542095442 
39.68222832483327 1.3553579332323762 
39.70184386033739 2.3075241634460393 
39.72145939584151 1.822197116745962 
39.74107493134563 1.3789640577075408 
39.76069046684975 1.407050442291423 
39.78030600235387 1.6425574078677572 
39.79992153785798 1.2791112549114312 
39.819537073362106 1.8900857197970167 
39.83915260886622 1.3022377234746232 
39.858768144370345 1.745914304387841 
39.87838367987446 1.111466282272412 
39.89799921537858 2.220523141653381 
39.9176147508827 1.0064146222318584 
39.93723028638682 1.2088553543362326 
39.95684582189094 2.0399231095178654 
39.97646135739506 1.0887776712245667 
39.996076892899175 1.4897249204754932 
40.0156924284033 1.5523746396418818 
40.03530796390741 1.269369446984514 
40.05492349941154 1.5420458210501884 
40.07453903491565 1.413157203066008 
40.094154570419775 0.9833116042686291 
40.11377010592389 1.1358964560986733 
40.13338564142801 1.569001030782103 
40.15300117693213 0.9825821769815037 
40.17261671243625 1.2456421647800546 
40.192232247940375 1.3268785113099635 
40.21184778344449 1.0627999019099816 
40.23146331894861 0.9417945715828067 
40.25107885445273 1.647279385932501 
40.27069438995685 1.9704029189176204 
40.29030992546097 1.3732997142728685 
40.30992546096509 1.0243383959234116 
40.329540996469206 1.527901748256691 
40.34915653197333 1.2502806821375283 
40.36877206747744 1.493493034527539 
40.38838760298157 2.584900747625954 
40.40800313848568 1.1800401423270066 
40.427618673989805 1.4892565120754313 
40.44723420949392 1.013438429471549 
40.46684974499804 1.9740212131665655 
40.48646528050216 1.150088364459962 
40.50608081600628 0.8871789050707023 
40.5256963515104 0.8503881209779165 
40.54531188701452 0.8732330957471208 
40.56492742251864 1.2767124946066377 
40.58454295802276 1.459783950690936 
40.60415849352688 1.2081296820141603 
40.623774029031 2.729651583772255 
40.64338956453511 1.2903568224827908 
40.66300510003924 1.260323941218193 
40.68262063554335 0.9880992607101001 
40.702236171047474 1.8332975814253598 
40.72185170655159 1.0143562454488395 
40.74146724205571 0.8915144482165959 
40.76108277755983 1.013140931255876 
40.78069831306395 0.9780357520562428 
40.80031384856807 1.0464274711831427 
40.81992938407219 0.7228994882554518 
40.83954491957631 0.9131455911657762 
40.85916045508043 0.9329090957054657 
40.87877599058454 1.1952072184078786 
40.898391526088666 1.0745444769610406 
40.91800706159278 1.0029961553092808 
40.937622597096905 0.8922410170948875 
40.95723813260102 1.0727438371726554 
40.97685366810514 1.4392748676306606 
40.99646920360926 1.5087813971965545 
41.01608473911338 1.6600188263763005 
41.0357002746175 1.2926572345115679 
41.05531581012162 1.0878983739055903 
41.074931345625735 1.1862953399752487 
41.09454688112986 0.9398147191145265 
41.11416241663397 0.8309464325617341 
41.1337779521381 1.019251663911545 
41.15339348764221 1.1906821028799952 
41.173009023146335 1.299299113946511 
41.19262455865045 1.196804270881452 
41.21224009415457 1.202524716108696 
41.23185562965869 1.3326013680677378 
41.25147116516281 2.866870104967413 
41.27108670066693 1.1307088636987317 
41.29070223617105 1.1220323763537492 
41.310317771675166 2.5688131362445503 
41.32993330717929 2.096126986679117 
41.34954884268341 0.8946138314260985 
41.36916437818753 2.177825395302651 
41.38877991369164 0.6951595868953374 
41.408395449195766 1.4313898933285012 
41.42801098469988 0.9408863388645039 
41.447626520204 1.5238736695372865 
41.46724205570813 1.6467496317953343 
41.48685759121224 2.0032963160242825 
41.506473126716365 1.0446522352463072 
41.52608866222048 1.0671057952866758 
41.5457041977246 1.506592695832155 
41.56531973322872 1.2458806654975798 
41.58493526873284 1.8499549847080277 
41.60455080423696 1.627905017628282 
41.62416633974108 1.1956909723524578 
41.6437818752452 0.9591528959106478 
41.66339741074932 1.27530737369672 
41.68301294625344 1.9293505092623993 
41.70262848175756 1.4578089146698492 
41.72224401726167 0.812847055437915 
41.7418595527658 1.3531876237641334 
41.76147508826991 1.225517148923298 
41.781090623774034 0.7586065921298317 
41.80070615927815 0.9444207406336864 
41.82032169478227 1.2289995894384391 
41.83993723028639 0.7911535539395539 
41.85955276579051 1.0190202305919371 
41.87916830129463 1.0996167871285523 
41.89878383679875 1.1393324952151984 
41.91839937230287 0.8922233238318019 
41.93801490780699 0.7394660504880749 
41.9576304433111 1.5592791861829798 
41.977245978815226 1.295247952036564 
41.99686151431934 1.0166672456255927 
42.016477049823465 0.6430325241144433 
42.03609258532758 1.0033855188857972 
42.0557081208317 1.2914735366202923 
42.07532365633582 0.6417109112323836 
42.09493919183994 0.990703240172551 
42.11455472734406 1.0458121517347403 
42.13417026284818 0.8008706064968705 
42.153785798352295 0.9338247465454232 
42.17340133385642 1.082706616833859 
42.19301686936053 1.0694700513700028 
42.21263240486466 0.8315447349422476 
42.23224794036877 0.8709072597776795 
42.251863475872895 0.6349484058176623 
42.27147901137701 1.3171193382474846 
42.29109454688113 0.5517877106850789 
42.31071008238525 0.8013936555060985 
42.33032561788937 0.877346467106162 
42.34994115339349 0.9714681431303344 
42.36955668889761 0.7056507330368208 
42.389172224401726 0.8479967053267115 
42.40878775990585 0.8858473935137932 
42.42840329540997 0.5299209227333446 
42.44801883091409 1.1151332110840613 
42.4676343664182 1.162079512946164 
42.487249901922326 0.6784465281669493 
42.50686543742644 0.6214875321262291 
42.52648097293056 1.1244134719650414 
42.54609650843468 0.9093034750654745 
42.5657120439388 1.222833672630191 
42.58532757944292 1.0318399375732423 
42.60494311494704 0.9028626330822954 
42.62455865045116 1.7855226769456778 
42.64417418595528 0.9435411668204572 
42.6637897214594 0.6928977776029546 
42.68340525696352 0.8322010636194067 
42.70302079246764 0.9729957139080538 
42.72263632797176 0.8546004676231603 
42.74225186347588 1.082183614434448 
42.76186739898 2.121857226109398 
42.78148293448412 1.633444970671157 
42.80109846998823 1.3616555850665035 
42.82071400549236 1.0012068453708074 
42.84032954099647 1.0253350323346495 
42.859945076500594 1.2257477330492133 
42.87956061200471 1.5954815015552155 
42.89917614750883 1.4823828597470128 
42.91879168301295 0.9233969405926996 
42.93840721851707 0.9174346875937093 
42.95802275402119 1.3685235006355514 
42.97763828952531 1.128296803920158 
42.99725382502943 0.8720497071272836 
43.01686936053355 4.912833898377915 
43.03648489603766 1.6219827528029398 
43.056100431541786 0.8714386213565202 
43.0757159670459 1.2829785296036929 
43.095331502550025 1.9516428634112333 
43.11494703805414 1.0308734409144327 
43.13456257355826 0.9305940449290742 
43.15417810906238 1.0719385859951305 
43.1737936445665 0.705892384500939 
43.19340918007062 1.0878102686652067 
43.21302471557474 1.6452785050107261 
43.232640251078855 0.785132402296692 
43.25225578658298 1.2171825820078939 
43.27187132208709 0.9265175805967671 
43.29148685759122 0.7896529606113833 
43.31110239309533 1.2940222442787828 
43.330717928599455 1.1179865590568645 
43.35033346410357 0.9675751902175767 
43.36994899960769 1.01336649535138 
43.38956453511181 1.1388936675390995 
43.40918007061593 1.4655055634494067 
43.42879560612005 0.8479361910697591 
43.44841114162417 0.7869689462518553 
43.468026677128286 0.9249503855781869 
43.48764221263241 0.8786804186729457 
43.50725774813653 1.0846309005704087 
43.52687328364065 0.9501295366396199 
43.54648881914476 1.1997730151800672 
43.566104354648886 0.9629887834220977 
43.585719890153 0.8558980984370309 
43.60533542565712 0.9993300958708726 
43.62495096116124 1.1725241248014322 
43.64456649666536 0.9222136549674002 
43.66418203216948 0.9321455135657789 
43.6837975676736 1.366981422079763 
43.70341310317772 0.8306466491412285 
43.72302863868184 1.1972155863013605 
43.74264417418596 0.8134912093225387 
43.76225970969008 1.4142794584993634 
43.78187524519419 1.3710973788197691 
43.80149078069832 0.8609737057875932 
43.82110631620243 1.14021603579248 
43.84072185170656 0.8351851381685381 
43.86033738721067 1.1399543426223677 
43.87995292271479 1.4942224671990316 
43.89956845821891 0.8633405843287543 
43.91918399372303 1.5463841400356562 
43.938799529227154 0.7973086903817477 
43.95841506473127 1.0699999813671306 
43.97803060023539 1.1575085496426898 
43.99764613573951 1.0753656681891055 
44.01726167124363 0.8801281854441908 
44.03687720674775 1.0697110512185315 
44.05649274225187 1.0408642345658219 
44.07610827775599 0.7464739571793937 
44.09572381326011 1.0914709670453255 
44.11533934876422 1.1779077261025046 
44.134954884268346 0.8734256490510629 
44.15457041977246 1.1652873691214798 
44.174185955276585 1.1767305602661657 
44.1938014907807 0.9634751071726907 
44.21341702628482 1.088202496553163 
44.23303256178894 1.126888200966315 
44.25264809729306 1.2373062428059771 
44.27226363279718 0.7472518993805737 
44.2918791683013 1.092382106639439 
44.311494703805415 0.6461747426085876 
44.33111023930954 1.0123487617911784 
44.35072577481365 1.2246742901383685 
44.37034131031778 0.7570722242037468 
44.38995684582189 1.211484388844374 
44.409572381326015 0.8990393700721169 
44.42918791683013 1.5501912324934801 
44.44880345233425 1.041426234164884 
44.46841898783837 0.9829841373070382 
44.48803452334249 0.8307943577081706 
44.50765005884661 0.7250688113814845 
44.52726559435073 0.9539971468408811 
44.546881129854846 0.9728220240634227 
44.56649666535897 0.929326471199534 
44.58611220086309 1.0101496874876972 
44.60572773636721 1.030402695090277 
44.62534327187132 0.9580102761186569 
44.644958807375446 0.9235658726682706 
44.66457434287956 0.9205253410023405 
44.68418987838368 0.9975210427686043 
44.7038054138878 0.7504249839015998 
44.72342094939192 0.9631419470170196 
44.74303648489604 0.9092659391070892 
44.76265202040016 0.9864531719451856 
44.78226755590428 1.223935606882232 
44.8018830914084 1.0956158707026677 
44.82149862691252 0.6958887333706203 
44.84111416241664 0.8066611235561391 
44.86072969792075 1.3990150628294074 
44.88034523342488 1.1253444849207472 
44.89996076892899 1.0540897840100734 
44.91957630443312 0.8977169689525494 
44.93919183993723 1.3934750787298957 
44.95880737544135 1.117840425883288 
44.97842291094547 0.9683808432866277 
44.99803844644959 1.1564190529853613 
45.01765398195371 1.5366910205359778 
45.03726951745783 1.1742508639253373 
45.056885052961945 1.0068701705616416 
45.07650058846607 1.2639768274138796 
45.09611612397018 3.2197480122448714 
45.11573165947431 1.1319475578929383 
45.13534719497842 1.34627566606985 
45.15496273048255 1.2734968586744415 
45.17457826598666 1.631493580407656 
45.19419380149078 1.2042736333527688 
45.213809336994906 1.3453137601725484 
45.23342487249902 1.080027666412681 
45.253040408003145 0.9489249446109691 
45.27265594350726 0.785986469427853 
45.29227147901138 0.9899743444667588 
45.3118870145155 0.8873826834920961 
45.33150255001962 1.223568960881079 
45.35111808552374 0.6336898716729971 
45.37073362102786 1.247961774225849 
45.390349156531975 1.9316548402227758 
45.4099646920361 1.7896159767132445 
45.42958022754021 0.8483461512913788 
45.44919576304434 0.7493225053642782 
45.46881129854845 1.171903593775343 
45.488426834052575 0.7594733517038954 
45.50804236955669 0.7257492531342546 
45.52765790506081 0.9030706199690361 
45.54727344056493 1.3049450979093624 
45.56688897606905 0.8274970653989515 
45.58650451157317 1.130330973716818 
45.60612004707729 1.1416493798223446 
45.625735582581406 1.767944368787313 
45.64535111808553 0.795811227611294 
45.66496665358965 0.9128696293686716 
45.68458218909377 0.9632128573574062 
45.70419772459788 0.5361980237609771 
45.723813260102006 0.707180056363711 
45.74342879560612 1.0820403813848354 
45.76304433111024 1.4583965550239169 
45.78265986661436 0.7350864785003766 
45.80227540211848 1.115697960390041 
45.8218909376226 0.7320068343634449 
45.84150647312672 1.575095138888941 
45.86112200863084 0.8369441137040391 
45.88073754413496 1.0958111033318039 
45.90035307963908 0.7309244529572478 
45.9199686151432 0.7737037189436415 
45.93958415064731 1.0350249439723207 
45.95919968615144 0.7349286424488695 
45.97881522165555 1.0586408690961673 
45.99843075715968 0.80604058170383 
46.01804629266379 1.0900560492255045 
46.03766182816791 0.6484807507167988 
46.05727736367203 0.9840937630011007 
46.07689289917615 0.7680142538570212 
46.09650843468027 0.6838842890862652 
46.11612397018439 0.7774504353506668 
46.135739505688505 0.6634957166005987 
46.15535504119263 0.7851273813618098 
46.17497057669674 0.9042222256384526 
46.19458611220087 0.6123459787990363 
46.21420164770498 1.0758399134637877 
46.23381718320911 0.7903719952750047 
46.25343271871322 0.8406822369278548 
46.27304825421734 0.662207199969059 
46.29266378972146 0.838246729111055 
46.31227932522558 0.7851358995232507 
46.3318948607297 0.7330978374865352 
46.35151039623382 1.052645842437624 
46.371125931737936 1.082119408398379 
46.39074146724206 0.9461145328013517 
46.410357002746174 2.325049324138438 
46.4299725382503 0.9605416119695582 
46.44958807375441 1.9179940297091023 
46.469203609258535 0.7933577627041045 
46.48881914476266 1.8549754416269781 
46.50843468026677 1.383375033132263 
46.5280502157709 1.184218329205572 
46.54766575127501 1.7965270646781086 
46.567281286779135 0.9880970615146634 
46.58689682228325 1.523438858502309 
46.60651235778737 0.7767533450794678 
46.62612789329149 1.1847245534529272 
46.64574342879561 0.9452343255608152 
46.66535896429973 1.7465070801268348 
46.68497449980385 1.3868096463942927 
46.704590035307966 0.9826683588703986 
46.72420557081209 1.2630707125953275 
46.74382110631621 1.3282971653722133 
46.76343664182033 1.1441170562300504 
46.78305217732444 0.9281793395989898 
46.802667712828566 0.7633055875421408 
46.82228324833268 0.7418279431065323 
46.8418987838368 1.1836105648409911 
46.86151431934092 0.8662984394178217 
46.88112985484504 3.1096382274561236 
46.90074539034916 0.8353006498940294 
46.92036092585328 1.1729997527102507 
46.9399764613574 1.378938294446537 
46.95959199686152 2.455394344493194 
46.97920753236564 0.9792461009368183 
46.99882306786976 0.9496628056709506 
47.01843860337387 1.1868041024056475 
47.038054138878 0.8320952730882675 
47.05766967438211 1.1542010908819493 
47.07728520988624 1.059089683746233 
47.09690074539035 1.4767931653789514 
47.11651628089447 1.1186458317591044 
47.13613181639859 0.6471297411381608 
47.15574735190271 1.0354277753533045 
47.17536288740683 1.885589132765999 
47.19497842291095 0.6739523831105039 
47.214593958415065 1.548187125103404 
47.23420949391919 0.956187292971782 
47.2538250294233 0.9573477459193419 
47.27344056492743 0.7139531795294597 
47.29305610043154 1.3403753446487445 
47.31267163593567 0.8202027085941284 
47.33228717143978 0.4882342044093195 
47.3519027069439 0.650063463288787 
47.37151824244802 1.2555951261252423 
47.39113377795214 1.2708786012913027 
47.41074931345626 0.8234092236340734 
47.43036484896038 0.7262322324808025 
47.449980384464496 0.7985872118922682 
47.46959591996862 0.9457704197630155 
47.489211455472734 0.8318259843557622 
47.50882699097686 1.4086567651258297 
47.52844252648097 0.8529053573310595 
47.548058061985095 0.7243090120313 
47.56767359748921 1.1521992714986595 
47.58728913299333 1.9501688648642106 
47.60690466849745 1.0330912512716823 
47.62652020400157 0.9680685130442334 
47.64613573950569 1.0844873838994031 
47.66575127500981 0.882532675028559 
47.685366810513926 1.0647541439331558 
47.70498234601805 0.7976336871382722 
47.72459788152217 0.7763282334941587 
47.74421341702629 0.9646995017451913 
47.76382895253041 0.4819157608126719 
47.783444488034526 1.651885745620911 
47.80306002353865 1.430693577462638 
47.82267555904277 1.175080849279797 
47.84229109454689 0.6176929424313077 
47.861906630051 0.8955311900202648 
47.881522165555126 0.9987647616306444 
47.90113770105924 1.1199160735587894 
47.92075323656336 1.3315675692219093 
47.94036877206748 4.746348886828539 
47.9599843075716 0.7950539294777281 
47.97959984307572 2.3987604970801497 
47.99921537857984 0.6419208472203469 
48.01883091408396 1.061989566939594 
48.03844644958808 1.2138809628242717 
48.0580619850922 1.529711885914917 
48.07767752059632 1.2713735528364098 
48.09729305610043 0.9938733220468944 
48.11690859160456 1.6545099510902965 
48.13652412710867 0.7762264160437572 
48.1561396626128 2.7805887624571177 
48.17575519811691 0.8458704694102905 
48.19537073362103 1.0780492434318778 
48.21498626912515 0.9245158761162224 
48.23460180462927 0.9228262814813293 
48.25421734013339 1.535313350035178 
48.27383287563751 1.351152611762867 
48.293448411141625 0.9045155757926113 
48.31306394664575 0.9153509429708081 
48.33267948214986 1.1478834897904 
48.35229501765399 1.4912918521725433 
48.3719105531581 0.7151409488922067 
48.39152608866223 1.1601667839614802 
48.41114162416634 0.9491114728128119 
48.43075715967046 3.9098672041353977 
48.45037269517458 3.577069579942489 
48.4699882306787 1.0935677991204695 
48.48960376618282 0.6417240951217734 
48.50921930168694 1.2569608806178674 
48.528834837191056 1.7604530703210937 
48.54845037269518 1.6471072853737647 
48.568065908199294 0.7516848532222865 
48.58768144370342 1.1610727680461377 
48.60729697920753 0.8696726256102905 
48.626912514711655 2.3523366425833445 
48.64652805021577 0.9806373155735907 
48.66614358571989 1.025815881291539 
48.68575912122401 1.2601632850462583 
48.70537465672813 1.6158884132896951 
48.72499019223225 1.438674087847487 
48.74460572773637 1.1990723451155152 
48.764221263240486 1.1193774980264795 
48.78383679874461 1.3218945217637084 
48.803452334248725 1.4328751415963132 
48.82306786975285 0.9883348578633443 
48.84268340525696 0.9905569815808823 
48.862298940761086 1.108414480083352 
48.8819144762652 1.1588201014659032 
48.90153001176933 0.8580664061919078 
48.92114554727344 0.9944651353459938 
48.94076108277756 1.0285147238925074 
48.960376618281686 1.2947062644950609 
48.9799921537858 1.3082885135378644 
48.99960768928992 1.1427145746617768 
49.01922322479404 1.110991744278187 
49.03883876029816 1.346659618954063 
49.05845429580228 1.176871051307761 
49.0780698313064 1.2968420577042783 
49.09768536681052 1.0825868380637136 
49.11730090231464 0.9942621463105557 
49.13691643781876 1.446549518550139 
49.15653197332288 1.4428075272997316 
49.17614750882699 1.1449554531559576 
49.19576304433112 1.1332230669194385 
49.21537857983523 1.1419347775709097 
49.23499411533936 1.1889015070312468 
49.25460965084347 1.2801094313752623 
49.27422518634759 1.1323269683427195 
49.29384072185171 1.5543483760383296 
49.31345625735583 1.320755056827275 
49.33307179285995 1.4122697036890428 
49.35268732836407 1.163244131203903 
49.372302863868185 1.0603785363823572 
49.39191839937231 1.3073264641719913 
49.41153393487642 1.0132942713221662 
49.43114947038055 1.2271164671337222 
49.45076500588466 1.2228174801981044 
49.47038054138879 1.2944213153581305 
49.4899960768929 1.1237686012619683 
49.50961161239702 0.9628491674112539 
49.52922714790114 1.5202372637185195 
49.54884268340526 0.8544582765342547 
49.56845821890938 1.363302492615538 
49.5880737544135 1.4534968174866854 
49.607689289917616 1.088095938021821 
49.62730482542174 1.266195234379341 
49.646920360925854 1.0100285683443093 
49.66653589642998 1.0809907308402178 
49.68615143193409 1.0393012939136268 
49.705766967438215 1.0742011718583653 
49.72538250294233 1.2215335711741373 
49.74499803844645 1.3641370404502313 
49.76461357395057 1.2407080076040473 
49.78422910945469 1.1620264024136586 
49.80384464495881 1.2179329169598472 
49.82346018046293 1.200120738407538 
49.843075715967046 1.096315164828047 
49.86269125147117 1.1748114332462856 
49.882306786975285 1.113735118951914 
49.90192232247941 1.1346882650703465 
49.92153785798352 1.3981184490832974 
49.941153393487646 1.0136858225056553 
49.96076892899176 1.06623404976363 
49.98038446449589 1.1293350218801055 
50.0 0.8151834559420288 
