freq hvsr0.0 2.0956062685284786 
0.0196155355041192 1.193621408753818 
0.0392310710082385 1.002147061591998 
0.0588466065123577 0.560036075498743 
0.078462142016477 0.8375938524786852 
0.0980776775205963 0.7141039397145134 
0.1176932130247155 1.1442714072123112 
0.1373087485288348 0.8375247830048383 
0.1569242840329541 1.5706546492024294 
0.1765398195370733 0.9824559262688376 
0.1961553550411926 1.2804536751111464 
0.2157708905453119 1.8038686209308146 
0.2353864260494311 1.2855118944502304 
0.2550019615535504 1.3196691346407032 
0.2746174970576697 2.0725881569849967 
0.2942330325617889 1.5193816378768197 
0.3138485680659082 3.4378419463785113 
0.3334641035700275 2.445913833008725 
0.3530796390741467 2.325125320448981 
0.372695174578266 1.758220138514356 
0.3923107100823852 2.382007998008 
0.4119262455865045 3.6829552279759326 
0.4315417810906238 1.755575192485813 
0.451157316594743 1.3079690957632935 
0.4707728520988623 2.9984497563875854 
0.4903883876029816 3.033533552703876 
0.5100039231071009 5.141309687031224 
0.5296194586112202 1.6166923367137407 
0.5492349941153394 1.962263223818054 
0.5688505296194586 1.8818523658825042 
0.5884660651235779 2.713908265677789 
0.6080816006276972 1.9331729872764576 
0.6276971361318164 1.3731986411051604 
0.6473126716359356 1.6106307322340272 
0.666928207140055 2.734409979231073 
0.6865437426441743 2.277091460787391 
0.7061592781482935 4.078547489001835 
0.7257748136524127 2.594056657752191 
0.745390349156532 1.9199856490188887 
0.7650058846606513 2.264997331848361 
0.7846214201647705 4.085140579412879 
0.8042369556688898 2.4574458483830575 
0.8238524911730091 4.317990550024296 
0.8434680266771284 2.807130197682761 
0.8630835621812476 2.025122926356533 
0.8826990976853668 1.7533022353165935 
0.902314633189486 1.7180904892753892 
0.9219301686936054 1.1831769395338436 
0.9415457041977248 1.7739459569542801 
0.961161239701844 1.4746646373372403 
0.9807767752059632 2.904628033983227 
1.0003923107100825 1.7144864863387517 
1.0200078462142017 1.2725523362892333 
1.039623381718321 1.4820861917015475 
1.0592389172224403 2.9356825585474815 
1.0788544527265596 3.147880082043512 
1.0984699882306788 1.5206260846475297 
1.118085523734798 2.3447494568876475 
1.1377010592389172 1.4629229833038795 
1.1573165947430366 2.644399308689926 
1.1769321302471558 1.636505077696359 
1.196547665751275 0.859169305181396 
1.2161632012553945 0.9736793212063496 
1.2357787367595137 1.6538867229349112 
1.2553942722636329 1.1684953410442735 
1.275009807767752 2.5636844227079516 
1.2946253432718713 1.5840821164246062 
1.3142408787759907 1.679713869839266 
1.33385641428011 1.583176083434999 
1.3534719497842291 5.529978933611127 
1.3730874852883486 2.5828128257741017 
1.3927030207924678 1.3534975839154915 
1.412318556296587 0.776066375711795 
1.4319340918007062 1.0847454563671477 
1.4515496273048254 1.344823135024439 
1.4711651628089448 2.339166901567814 
1.490780698313064 1.1583843173805792 
1.5103962338171832 0.7348391392052394 
1.530011769321303 2.3629451109011868 
1.549627304825422 1.2809250278628472 
1.569242840329541 2.797841882331619 
1.5888583758336603 1.5649189199513303 
1.6084739113377795 1.0845141534865657 
1.628089446841899 1.3160030781050853 
1.647704982346018 2.314179678766468 
1.6673205178501374 1.2987099728476938 
1.6869360533542568 1.1445673807691152 
1.706551588858376 1.07561031392916 
1.7261671243624952 1.9045850880933786 
1.7457826598666144 1.6426148509629597 
1.7653981953707336 1.7626678192977243 
1.785013730874853 1.0013512382775014 
1.8046292663789725 1.465340305670478 
1.8242448018830917 1.617259116943457 
1.843860337387211 1.2108984334767354 
1.86347587289133 1.4097882339051895 
1.8830914083954493 1.2389704210418355 
1.9027069438995683 0.8503573284012579 
1.922322479403688 1.0573823209165176 
1.9419380149078072 1.8871838667793666 
1.9615535504119264 2.1623872005445883 
1.9811690859160456 8.301390022136756 
2.000784621420165 2.123588363181866 
2.020400156924284 1.5106952702347243 
2.0400156924284034 1.3631644060028423 
2.059631227932522 0.6576165448704554 
2.079246763436642 2.429512771424273 
2.098862298940761 4.839559190546671 
2.1184778344448807 1.1394167347988788 
2.138093369949 1.0309460562063792 
2.157708905453119 1.4865370239628966 
2.1773244409572383 1.1744096675155216 
2.196939976461357 1.0554349856748886 
2.2165555119654767 0.9491026550367762 
2.236171047469596 1.0383902072118014 
2.255786582973715 1.19736209439145 
2.2754021184778344 1.0108901977254077 
2.295017653981954 1.1573547965049447 
2.314633189486073 2.1194300082289863 
2.3342487249901924 1.6269864551493276 
2.353864260494312 2.8108291401714887 
2.373479795998431 2.387356299554681 
2.39309533150255 1.4983491687174961 
2.4127108670066693 2.4768810129233287 
2.432326402510789 3.6571870022869226 
2.451941938014908 1.8687367059741262 
2.4715574735190278 1.1931146084108875 
2.4911730090231465 1.124848707479642 
2.5107885445272657 1.2781972126598269 
2.530404080031385 2.2098927830375388 
2.550019615535504 3.1531411792013375 
2.569635151039624 1.150747680204196 
2.5892506865437426 1.0797525630301452 
2.6088662220478622 2.035461342356877 
2.628481757551981 2.0047343358571066 
2.6480972930561006 2.0377080030345835 
2.66771282856022 1.051607942126511 
2.687328364064339 1.1583613612639605 
2.7069438995684583 2.436888534976981 
2.726559435072577 1.1630518066214368 
2.746174970576697 2.1384500051639703 
2.7657905060808163 2.265125371605944 
2.7854060415849355 1.0166607047515241 
2.8050215770890548 2.1026468698790546 
2.824637112593174 4.584015552889566 
2.844252648097293 1.7116001336927293 
2.8638681836014124 1.8435838930963906 
2.883483719105532 1.6518185369574125 
2.903099254609651 4.200421696879422 
2.9227147901137704 1.4946313077069924 
2.9423303256178897 4.711052964421513 
2.961945861122009 1.1174351107001232 
2.981561396626128 1.530693812548459 
3.0011769321302477 1.4031892111574014 
3.0207924676343665 1.9612713486860052 
3.0404080031384857 2.10826165862244 
3.0600235386426053 0.9423260450426572 
3.079639074146725 1.2090259427172614 
3.099254609650844 1.5441492412573008 
3.118870145154963 1.2762601307709136 
3.138485680659082 1.475082939189321 
3.1581012161632014 2.621843268544638 
3.1777167516673206 1.3631130063123658 
3.19733228717144 1.9163184483669262 
3.216947822675559 2.6868883712571483 
3.2365633581796787 6.092779837153041 
3.256178893683798 5.0932358278001 
3.275794429187917 5.193467556749788 
3.2954099646920363 2.536647081921302 
3.3150255001961555 1.7213766017641912 
3.3346410357002747 1.4655119564602967 
3.354256571204394 1.6030407163765614 
3.3738721067085136 2.190635200199093 
3.3934876422126328 2.498297474130369 
3.413103177716752 1.9641328602778136 
3.432718713220871 1.033153111502443 
3.4523342487249904 1.7362934260660576 
3.4719497842291096 2.154124867144079 
3.491565319733229 3.271059793631529 
3.511180855237348 2.266111301458653 
3.5307963907414672 1.5321710547471854 
3.550411926245587 2.3560406779280987 
3.570027461749706 2.223877692843054 
3.5896429972538253 3.096374142669718 
3.609258532757945 2.4522631433552586 
3.628874068262064 1.1779752555882477 
3.648489603766183 1.4781612054414204 
3.668105139270302 1.2088363139683036 
3.687720674774422 3.7679835036631966 
3.707336210278541 1.6452010507171833 
3.72695174578266 1.4766359065251624 
3.7465672812867794 1.5113177730864564 
3.7661828167908986 1.6240184243051654 
3.785798352295018 1.4828036269389409 
3.805413887799137 0.952447759568891 
3.825029423303256 1.7418567698858152 
3.844644958807376 1.8039544886455186 
3.864260494311495 2.147553847986663 
3.8838760298156143 1.2612664997847924 
3.9034915653197335 1.297439508493025 
3.9231071008238527 1.1856619139443696 
3.942722636327972 1.8231543326928814 
3.962338171832091 1.5318634386799137 
3.9819537073362095 3.116908577647952 
4.00156924284033 2.0514720972450893 
4.021184778344449 2.8465910271370523 
4.040800313848568 2.2753454917035705 
4.060415849352688 1.7746601859956204 
4.080031384856807 1.036378101541972 
4.099646920360926 1.0279266010306092 
4.119262455865045 1.6739783935049186 
4.1388779913691645 1.9040074701673295 
4.158493526873284 2.1907612120849596 
4.178109062377403 2.0084291175571294 
4.197724597881522 2.0922818534083625 
4.217340133385641 2.49481047277828 
4.236955668889761 1.617671418121178 
4.256571204393881 2.5652341237656593 
4.276186739898 2.0560770040684675 
4.295802275402119 2.707188459568178 
4.315417810906238 1.9185380919139372 
4.335033346410357 2.3743174451527147 
4.354648881914477 2.625769249840256 
4.374264417418596 2.4427456125209805 
4.393879952922715 2.649094844123775 
4.413495488426834 3.748204219003741 
4.4331110239309535 3.0349157715035497 
4.452726559435073 1.7141257291181715 
4.472342094939192 3.546557118129676 
4.491957630443311 2.5210079208383727 
4.51157316594743 3.06785929573255 
4.5311887014515495 2.3315794210811633 
4.550804236955669 2.1348075309405705 
4.570419772459789 2.781001702525283 
4.590035307963908 2.028361255089963 
4.609650843468027 3.237824025686486 
4.629266378972146 1.7298515725694092 
4.648881914476266 2.0596004715065708 
4.668497449980385 1.4253156046014912 
4.688112985484504 4.049697312853936 
4.707728520988623 2.973637491509322 
4.727344056492743 1.6937242207168033 
4.746959591996862 2.1347814189013294 
4.766575127500981 2.4488777597060323 
4.7861906630051 1.483526686112837 
4.805806198509219 1.229159405610958 
4.8254217340133385 1.9795627120874628 
4.845037269517458 3.1794301636552573 
4.864652805021578 2.170329141611973 
4.884268340525697 1.1829794085278473 
4.903883876029816 1.5679671477990973 
4.923499411533935 3.340266785351504 
4.943114947038055 2.289793888318751 
4.962730482542174 1.6589194334815882 
4.982346018046293 5.188671661041419 
5.001961553550412 2.3097406804614593 
5.021577089054532 1.616849109401766 
5.041192624558651 1.1853672081769209 
5.06080816006277 1.0210870188974357 
5.080423695566889 1.4760056577698972 
5.100039231071008 1.2711434321360833 
5.119654766575128 2.058993611065983 
5.139270302079247 1.403753755764469 
5.158885837583366 2.3610753542213025 
5.178501373087485 3.9962689628004187 
5.198116908591605 1.2230571484730617 
5.2177324440957245 4.439859383309864 
5.237347979599844 1.617641743997619 
5.256963515103963 2.273909842021603 
5.276579050608082 1.5564667667196799 
5.296194586112201 2.1389980115988196 
5.3158101216163205 1.4577128635016463 
5.33542565712044 1.0286152294636908 
5.355041192624559 1.3889754897145996 
5.374656728128678 1.8737840996087554 
5.394272263632797 2.1847133668637104 
5.4138877991369165 1.7093663150583496 
5.433503334641036 1.8373479020013308 
5.453118870145155 2.001520222676911 
5.472734405649274 1.7607856073088608 
5.492349941153394 1.908172821439172 
5.5119654766575135 2.4282435967009466 
5.531581012161633 2.8447507655939237 
5.551196547665752 1.8290219615087815 
5.570812083169871 1.6525361906002138 
5.59042761867399 2.0648013211472662 
5.6100431541781095 3.3169518632047237 
5.629658689682229 1.7284021184460605 
5.649274225186348 1.5580369326341532 
5.668889760690467 1.4518654402247149 
5.688505296194586 1.3609729609405705 
5.7081208316987055 2.221951112348647 
5.727736367202825 3.2617575308207427 
5.747351902706944 3.3019332815890814 
5.766967438211063 2.2481069187258007 
5.786582973715182 1.266037849149578 
5.806198509219302 1.6774270400705908 
5.825814044723422 1.5620291808297844 
5.845429580227541 2.6814909338169683 
5.86504511573166 3.7933700701286273 
5.884660651235779 2.5346757184433097 
5.9042761867398985 1.8017546311536567 
5.923891722244018 1.7365027813637064 
5.943507257748137 1.52386671977687 
5.963122793252256 1.076614006157994 
5.982738328756375 1.1795178482890374 
6.002353864260495 2.760883754057399 
6.021969399764614 1.91422507907357 
6.041584935268733 1.5500447434429034 
6.061200470772852 1.9097552568586151 
6.080816006276971 1.400820126767323 
6.100431541781091 2.7653765793934384 
6.120047077285211 1.4643064636168015 
6.13966261278933 2.523517511954992 
6.159278148293449 2.4801014558866443 
6.178893683797568 1.8920663588601265 
6.198509219301688 2.175208973383307 
6.218124754805807 1.6535835988608238 
6.237740290309926 1.5140974449235867 
6.257355825814045 2.049794222043421 
6.276971361318164 0.926514747637064 
6.296586896822284 1.350189181836644 
6.316202432326403 1.728795497118928 
6.335817967830522 1.674520112149759 
6.355433503334641 1.9066833939777683 
6.37504903883876 1.6544730821767653 
6.39466457434288 1.7589563954221787 
6.414280109846999 1.8013650908913013 
6.433895645351118 1.4817804668756165 
6.453511180855238 1.2605359454054437 
6.473126716359357 1.1956420253404063 
6.4927422518634765 2.21243546664605 
6.512357787367596 3.1093338172231264 
6.531973322871715 1.4325563277836613 
6.551588858375834 1.2983175028154073 
6.571204393879953 1.7587969089618687 
6.590819929384073 2.6677776198767895 
6.610435464888192 1.9461129589311719 
6.630051000392311 2.6716206385000425 
6.64966653589643 1.6975346384289007 
6.669282071400549 1.8130722953007765 
6.688897606904669 1.612707252183151 
6.708513142408788 1.9449008781033599 
6.728128677912907 1.633064354646189 
6.747744213417027 1.64165950093673 
6.767359748921146 2.152522192249828 
6.7869752844252655 2.042098938014043 
6.806590819929385 1.8509882343236725 
6.826206355433504 0.8816646085352606 
6.845821890937623 2.547388146584458 
6.865437426441742 4.320067069874517 
6.885052961945862 1.1259935616303136 
6.904668497449981 1.7671692736040256 
6.9242840329541 1.4863159153649905 
6.943899568458219 2.602439593311705 
6.963515103962338 1.386998800335654 
6.983130639466458 1.174035803337069 
7.002746174970577 1.357836281334157 
7.022361710474696 1.3889384283786737 
7.041977245978815 1.5643747735286502 
7.061592781482935 1.7320227100474634 
7.081208316987055 0.9174953133785289 
7.100823852491174 1.9383663529011086 
7.120439387995293 1.8368073272593277 
7.140054923499412 1.7532905062668818 
7.159670459003531 1.6929753106128278 
7.179285994507651 2.281746694756985 
7.19890153001177 1.1767231586911995 
7.218517065515889 2.564778372400815 
7.238132601020008 1.5412007266535606 
7.257748136524127 3.387241470779964 
7.277363672028247 1.4789172767177627 
7.296979207532366 2.146345928657079 
7.316594743036485 2.2271219648804537 
7.336210278540604 1.9276084918574732 
7.3558258140447235 1.105297573757707 
7.375441349548844 1.265157088992992 
7.395056885052963 1.2575007421968003 
7.414672420557082 2.03809692555521 
7.434287956061201 1.957914944782962 
7.45390349156532 1.074492109023213 
7.47351902706944 2.080650935269871 
7.493134562573559 3.0551022051470165 
7.512750098077678 1.775966809382353 
7.532365633581797 1.3318927271486087 
7.551981169085916 2.294002397790167 
7.571596704590036 1.338620871975959 
7.591212240094155 0.9709578044099404 
7.610827775598274 2.6392023411182057 
7.630443311102393 1.3181164560806111 
7.650058846606512 1.0467164155742559 
7.669674382110632 1.1893772520219554 
7.689289917614751 1.3311655052348894 
7.708905453118871 0.9604774649065025 
7.72852098862299 1.8489758025654572 
7.748136524127109 1.3801794139814765 
7.767752059631229 0.7847168998478826 
7.787367595135348 1.3096920059272055 
7.806983130639467 3.8426443708638436 
7.826598666143586 1.280452688172843 
7.846214201647705 2.015285753172136 
7.865829737151825 4.894557134543182 
7.885445272655944 1.9410153477215344 
7.905060808160063 2.368668003765198 
7.924676343664182 0.7252399318904863 
7.944291879168301 0.9738468693406571 
7.963907414672421 5.8632350255931955 
7.98352295017654 1.8503568837545101 
8.00313848568066 1.762318129179363 
8.02275402118478 1.5493873139545347 
8.042369556688898 1.8497892013923347 
8.061985092193018 1.6570874302321286 
8.081600627697137 3.1199731243891433 
8.101216163201256 1.1333844609500165 
8.120831698705375 1.0166214731279433 
8.140447234209494 1.058418368495254 
8.160062769713614 1.523324606931808 
8.179678305217733 1.634401917235009 
8.199293840721852 1.5318128212441497 
8.218909376225971 1.1925223894924473 
8.23852491173009 2.915886283321887 
8.25814044723421 1.5534322262148224 
8.277755982738329 1.2619368621811784 
8.297371518242448 0.7906841663043053 
8.316987053746567 1.0567464350779225 
8.336602589250687 3.15149690025541 
8.356218124754806 0.7215745471258097 
8.375833660258925 1.7897258306452204 
8.395449195763044 1.4128096381131467 
8.415064731267163 2.180775847481017 
8.434680266771283 1.474733587114346 
8.454295802275402 1.9604331894488405 
8.473911337779523 1.4832702196813252 
8.493526873283642 1.3687238274422686 
8.513142408787761 0.8385256776303854 
8.53275794429188 1.6509250250030738 
8.552373479796 2.001330784397598 
8.571989015300119 1.3921360185654028 
8.591604550804238 1.637116185775189 
8.611220086308357 2.888720141522331 
8.630835621812476 1.4065590744852765 
8.650451157316596 1.2991765826588046 
8.670066692820715 1.0637701510850526 
8.689682228324834 1.7010077233828236 
8.709297763828953 1.877049417450537 
8.728913299333072 0.4642258614151998 
8.748528834837192 1.0615217073829049 
8.768144370341311 1.151751809181648 
8.78775990584543 1.4125547313203854 
8.80737544134955 0.811045428645131 
8.826990976853669 3.3478331855589403 
8.846606512357788 2.2995569622741105 
8.866222047861907 1.307439260296764 
8.885837583366026 1.2569477199309231 
8.905453118870145 1.585894760315983 
8.925068654374265 2.7278083535532294 
8.944684189878384 1.7339651401385248 
8.964299725382503 2.1923771081948207 
8.983915260886622 2.095314396789413 
9.003530796390741 2.0764531096885186 
9.02314633189486 1.5031819462926277 
9.04276186739898 1.9201743109267098 
9.0623774029031 3.216896920831517 
9.081992938407218 2.4733948489414117 
9.101608473911336 1.1588044857890318 
9.121224009415458 2.061030237638401 
9.140839544919578 2.445137814519347 
9.160455080423697 1.5889989120064474 
9.180070615927816 3.386334864727933 
9.199686151431935 1.3040661811140504 
9.219301686936054 1.2647182291048469 
9.238917222440174 2.017539128915688 
9.258532757944293 1.8087383954103882 
9.278148293448412 1.860840489753662 
9.297763828952531 0.5187534537431394 
9.31737936445665 2.3733567567275013 
9.33699489996077 2.3778882178476732 
9.356610435464887 1.2729196521591646 
9.376225970969008 1.6099178673161743 
9.395841506473127 1.4315869155494048 
9.415457041977248 1.5170450815428906 
9.435072577481366 1.4804415634981116 
9.454688112985483 1.4657866784256242 
9.474303648489604 2.187363163985854 
9.493919183993723 1.7931197285611988 
9.513534719497844 2.1571796133153556 
9.533150255001962 1.7493445257415283 
9.55276579050608 2.0267267931776303 
9.5723813260102 1.5649970710862462 
9.59199686151432 3.4409391288144637 
9.61161239701844 1.8695799626686336 
9.631227932522558 1.723176707208242 
9.650843468026675 1.4032927341134833 
9.670459003530796 1.0676112195949994 
9.690074539034915 1.3646385631990534 
9.709690074539036 2.120019781353848 
9.729305610043156 1.3340959919777233 
9.748921145547277 1.6321589781467003 
9.768536681051394 1.0628899634004505 
9.788152216555511 1.4647544957830225 
9.807767752059632 0.8085496426766513 
9.827383287563752 2.2513664780759863 
9.84699882306787 1.0047160633876489 
9.86661435857199 1.8967257114934815 
9.88622989407611 0.9059183352061939 
9.905845429580229 1.8676074664372908 
9.925460965084348 2.52521321234599 
9.945076500588469 2.4939977897749444 
9.964692036092586 1.484656388878342 
9.984307571596704 1.5357336034282398 
10.003923107100825 1.456721981502827 
10.023538642604944 2.1617903439096553 
10.043154178109065 1.6724440693802993 
10.062769713613182 2.053926300107158 
10.0823852491173 1.5938178331559127 
10.10200078462142 2.064433341760515 
10.12161632012554 1.0198702482381017 
10.14123185562966 1.9779523256579608 
10.160847391133778 2.1940325679687525 
10.180462926637896 2.074698696428135 
10.200078462142017 1.4921855910622097 
10.219693997646136 1.332372929044078 
10.239309533150257 1.7973165304966277 
10.258925068654374 10.85722929119028 
10.278540604158492 2.48468393729622 
10.298156139662613 2.770924611402515 
10.317771675166732 1.172138760470616 
10.337387210670853 0.9841488435313487 
10.35700274617497 1.628683207011989 
10.376618281679091 1.107936649675228 
10.39623381718321 2.381337806509249 
10.41584935268733 1.7550344763832089 
10.435464888191447 1.1601370935202537 
10.455080423695568 1.2872581531018341 
10.474695959199687 1.9182048288106164 
10.494311494703808 1.9475699003190847 
10.513927030207926 1.3694586644676687 
10.533542565712043 1.2117174670027122 
10.553158101216164 2.0398412658465626 
10.572773636720283 2.3771432862123563 
10.592389172224404 1.4055934888810495 
10.612004707728522 1.6560086350964653 
10.63162024323264 3.041103687638266 
10.65123577873676 0.8487275770425111 
10.67085131424088 1.43087007224847 
10.690466849745 1.1167093281124023 
10.710082385249118 0.9769715511242218 
10.729697920753235 1.826496178062481 
10.749313456257356 1.2408826343316501 
10.768928991761475 1.749482312150247 
10.788544527265596 1.4957118935158473 
10.808160062769714 4.059799423025871 
10.827775598273831 1.715472491994612 
10.847391133777952 3.054510048140414 
10.867006669282071 1.3672338981549588 
10.88662220478619 1.3010225373243034 
10.90623774029031 1.2023066489111327 
10.925853275794427 1.475716477266032 
10.945468811298548 1.0985733779479787 
10.965084346802668 2.2125632437929945 
10.984699882306789 1.5521621320233532 
11.004315417810908 2.545042963048292 
11.023930953315029 1.3804975531859036 
11.043546488819146 1.3836174576609561 
11.063162024323264 2.431607244479153 
11.082777559827385 2.5260592474269132 
11.102393095331504 2.44292279903418 
11.122008630835625 1.4343628221142697 
11.141624166339742 1.543876922641057 
11.16123970184386 2.5575266315123906 
11.18085523734798 1.2559455918701625 
11.2004707728521 1.1638895082573464 
11.22008630835622 2.2159582507491415 
11.239701843860338 3.2088462768491626 
11.259317379364456 1.7156173833476327 
11.278932914868577 2.0755623222276247 
11.298548450372696 1.4778554054987325 
11.318163985876817 1.1490334726570803 
11.337779521380934 1.6794294198486024 
11.357395056885052 1.5115398446968857 
11.377010592389173 0.8374051649050905 
11.396626127893292 1.4000653513869317 
11.416241663397413 1.4858017831184642 
11.43585719890153 1.5477155164437215 
11.45547273440565 1.2615686142234028 
11.475088269909769 1.488336956261435 
11.494703805413888 0.943327882540785 
11.514319340918007 2.2105268847907205 
11.533934876422126 1.099915500491014 
11.553550411926246 2.67478078798632 
11.573165947430365 2.15322217702893 
11.592781482934484 2.0947352978874774 
11.612397018438603 2.4833972255602905 
11.632012553942724 2.006591972466022 
11.651628089446843 1.8198366315511898 
11.671243624950964 2.450762161347042 
11.690859160455082 1.3815863166555042 
11.7104746959592 0.8497366739543212 
11.73009023146332 1.3900827491057612 
11.74970576696744 2.7687661153270198 
11.76932130247156 1.9498162798848364 
11.788936837975678 3.5215537059815922 
11.808552373479795 2.0112677365877474 
11.828167908983916 2.7033725662962214 
11.847783444488035 1.7916084053421253 
11.867398979992156 1.6624308097063787 
11.887014515496274 1.8840102931356295 
11.906630051000391 1.2928320981225372 
11.926245586504512 1.8916150644525533 
11.945861122008631 1.376207870373411 
11.96547665751275 1.6626916838071535 
11.98509219301687 2.3837248292828455 
12.004707728520987 2.757616250928887 
12.024323264025108 0.8827973662182993 
12.043938799529228 2.931909104747665 
12.063554335033349 1.5585341133535027 
12.083169870537466 1.509600213003961 
12.102785406041583 1.973471979339505 
12.122400941545704 1.8704030863999606 
12.142016477049824 2.1556998788891146 
12.161632012553945 1.4420682371175866 
12.181247548058062 2.0289509493606923 
12.20086308356218 2.1852397075998997 
12.2204786190663 1.2464730728920403 
12.24009415457042 4.8708403522678605 
12.25970969007454 2.3231163681423723 
12.27932522557866 1.591165006754948 
12.29894076108278 2.1221470717600814 
12.318556296586898 1.5730178897164748 
12.338171832091016 2.7233550377060163 
12.357787367595137 1.890377497462305 
12.377402903099256 3.063312613822948 
12.397018438603377 4.4177013666421425 
12.416633974107494 2.095572141429592 
12.436249509611612 1.5522263229098998 
12.455865045115733 1.8326018305032512 
12.475480580619852 1.9846329415950335 
12.495096116123973 2.200795124551696 
12.51471165162809 1.7275302635672756 
12.53432718713221 3.076852661032851 
12.553942722636329 1.9104220009447692 
12.573558258140448 1.839779702437312 
12.593173793644567 1.2457478498166825 
12.612789329148686 1.5657939904286498 
12.632404864652806 1.7686450741162263 
12.652020400156925 2.325360446819108 
12.671635935661044 4.439795111538879 
12.691251471165163 5.95709280776325 
12.710867006669282 1.4359401249182129 
12.730482542173402 1.861288956775392 
12.75009807767752 3.255396342975938 
12.76971361318164 1.753838563330151 
12.78932914868576 3.31241836699206 
12.808944684189878 1.2059848494566958 
12.828560219693998 1.9756506082055603 
12.848175755198117 1.3946757407725314 
12.867791290702236 1.8416201007130961 
12.887406826206355 1.6252767376601434 
12.907022361710476 2.134199258354369 
12.926637897214595 0.9262439718108877 
12.946253432718716 0.9969809173538923 
12.965868968222834 1.6881907174425435 
12.985484503726951 1.2602068907337438 
13.005100039231072 1.7119389872888493 
13.024715574735191 1.441146467688654 
13.04433111023931 1.4884879611273156 
13.06394664574343 1.7859542614190924 
13.083562181247547 0.9028395124818037 
13.103177716751668 2.416990998543774 
13.122793252255788 1.6346131922550968 
13.142408787759909 0.683453126361172 
13.162024323264026 1.5542753530965494 
13.181639858768143 2.0828240214575913 
13.201255394272264 1.9363996942319706 
13.220870929776384 2.146059967419595 
13.240486465280505 2.921359628475508 
13.260102000784622 2.1980747313054874 
13.27971753628874 1.4775322646379827 
13.29933307179286 2.569630286413157 
13.31894860729698 3.2505106996014126 
13.3385641428011 2.05235931858147 
13.358179678305218 2.1152614621122576 
13.377795213809335 2.5281468291916287 
13.397410749313456 2.109584328559245 
13.417026284817576 2.061092928831539 
13.436641820321697 1.4276983702385624 
13.456257355825814 1.3013544363988176 
13.475872891329931 2.789412526873076 
13.495488426834054 1.1586649333539794 
13.515103962338172 1.1950915504842978 
13.534719497842293 1.949395579128552 
13.554335033346412 0.7740394721282229 
13.573950568850533 1.97839196176874 
13.59356610435465 1.801397664636837 
13.61318163985877 1.8988976252729453 
13.632797175362889 1.9103706458081031 
13.652412710867008 6.990299907735536 
13.672028246371127 2.2079959729656466 
13.691643781875246 1.283988967615502 
13.711259317379366 2.3359696310414897 
13.730874852883485 1.703970216860502 
13.750490388387604 2.204651292722016 
13.770105923891723 1.871658586404134 
13.789721459395842 0.8393704550017953 
13.809336994899962 1.7164012766803354 
13.82895253040408 1.7599724468555265 
13.8485680659082 1.270147233433718 
13.86818360141232 1.4971502670671382 
13.887799136916438 3.053537448014768 
13.907414672420558 1.3743580280374612 
13.927030207924677 2.5941035981976754 
13.946645743428796 2.3903865840197698 
13.966261278932915 3.325898075047847 
13.985876814437034 1.400783380821734 
14.005492349941154 1.798240294979284 
14.025107885445273 1.2364391249128663 
14.044723420949392 1.4236681017864223 
14.064338956453511 2.2173498889897654 
14.08395449195763 1.833394196285599 
14.10357002746175 1.9658750728318652 
14.123185562965867 2.097952897342318 
14.14280109846999 1.5771838151320436 
14.162416633974107 1.1182485916013665 
14.182032169478228 2.581187824726537 
14.201647704982348 1.5129582885454926 
14.221263240486469 2.173688568454977 
14.240878775990586 2.068134790977006 
14.260494311494703 1.2156392587853917 
14.280109846998824 1.4484595305501997 
14.299725382502944 1.4292018559959359 
14.319340918007065 1.5739032794219554 
14.338956453511182 1.6118432001173262 
14.3585719890153 2.557586410329329 
14.37818752451942 1.0717276749005085 
14.39780306002354 2.2686110566524444 
14.41741859552766 1.9533445418563669 
14.437034131031778 0.948637275367284 
14.456649666535895 1.8856954747363246 
14.476265202040016 1.4011647428498395 
14.495880737544136 1.2932558067704354 
14.515496273048257 1.4637344538974235 
14.535111808552374 1.9379273260977303 
14.554727344056491 0.8250378380862288 
14.574342879560612 1.4801908384317444 
14.593958415064732 1.381629782820638 
14.613573950568853 1.3833201645712452 
14.63318948607297 2.2726830244982494 
14.65280502157709 0.958280108672879 
14.672420557081209 2.7768006895345043 
14.692036092585328 2.108080715433667 
14.711651628089449 1.2884760664812611 
14.731267163593566 2.302924124249672 
14.750882699097687 1.8338957336942214 
14.770498234601806 0.9325172013778052 
14.790113770105926 3.4117213205730343 
14.809729305610045 1.8364026936742675 
14.829344841114164 1.5067856722451227 
14.848960376618283 1.4446557854676856 
14.868575912122402 1.3536956469145653 
14.888191447626522 1.5568883072109139 
14.90780698313064 1.3176042108348198 
14.92742251863476 1.9847829433015467 
14.94703805413888 1.5487419623569803 
14.966653589642998 0.9202608225715274 
14.986269125147118 1.7065450235828314 
15.005884660651237 2.3031182320871735 
15.025500196155356 1.3029194884648605 
15.045115731659475 1.8842731284363867 
15.064731267163594 1.4471344055510482 
15.084346802667714 1.4272278041449484 
15.103962338171833 1.2020692952851455 
15.123577873675952 0.9000589007609184 
15.143193409180071 0.694805706984819 
15.16280894468419 1.0226822230669477 
15.18242448018831 1.2794700509163839 
15.202040015692427 1.5220525326715222 
15.221655551196548 1.6315707420848522 
15.241271086700667 1.8139481366424897 
15.260886622204788 1.0083729320883046 
15.280502157708906 0.8679494930406757 
15.300117693213023 1.8035676812291301 
15.319733228717144 1.8157015646420969 
15.339348764221263 1.176660585416871 
15.358964299725384 1.1620025281858024 
15.378579835229502 1.6464307314187245 
15.398195370733625 1.1544744775641047 
15.417810906237742 1.1486402989094753 
15.43742644174186 1.2489810268306474 
15.45704197724598 1.3336332264005255 
15.4766575127501 4.501987989861525 
15.49627304825422 0.792039439100649 
15.515888583758338 1.5240180939858006 
15.535504119262455 1.6746278371133154 
15.555119654766576 1.886377108086919 
15.574735190270696 1.875979290575793 
15.594350725774817 1.7105637260809747 
15.613966261278934 1.8962203887100153 
15.633581796783051 2.67152613224221 
15.653197332287172 1.0665289847239519 
15.672812867791292 1.5949990228119135 
15.69242840329541 1.5842569393010761 
15.71204393879953 1.1763225334888328 
15.73165947430365 1.3012417154983547 
15.751275009807769 1.8059681878644336 
15.770890545311888 2.6233051713578295 
15.790506080816009 1.2804564348130651 
15.810121616320126 1.2661595564924664 
15.829737151824244 1.1020111156315373 
15.849352687328365 0.9890366633521974 
15.868968222832484 1.3828113379447362 
15.888583758336605 1.1642576850083648 
15.908199293840722 1.685042651446585 
15.92781482934484 1.4000341790918587 
15.94743036484896 0.9519320886615898 
15.96704590035308 1.4974155272488914 
15.9866614358572 0.9718657398780837 
16.00627697136132 1.3037454808153006 
16.02589250686544 1.3561168087114224 
16.04550804236956 1.4137382718957596 
16.065123577873678 1.600796543671236 
16.084739113377797 0.9898019374730816 
16.104354648881916 1.188808690425448 
16.123970184386035 0.8736108811436648 
16.143585719890154 1.2161664175226317 
16.163201255394274 1.5479988070770831 
16.182816790898393 1.2130215539528881 
16.202432326402512 1.1050660583562226 
16.22204786190663 1.2269284601600574 
16.24166339741075 0.9491249001725435 
16.26127893291487 1.209756394766393 
16.28089446841899 1.1342758638469232 
16.300510003923108 1.8272200849560187 
16.320125539427227 1.311306236866974 
16.339741074931347 1.245037707447364 
16.359356610435466 1.2858046819393727 
16.378972145939585 1.355509137897784 
16.398587681443704 1.5167434206880956 
16.418203216947823 2.096125624836671 
16.437818752451943 1.1923205469509004 
16.457434287956062 1.2237070533682568 
16.47704982346018 1.328644500586609 
16.4966653589643 1.2060134267473315 
16.51628089446842 1.0293918563367226 
16.53589642997254 1.1313896053825805 
16.555511965476658 1.9200877894648583 
16.575127500980777 1.5611500224279078 
16.594743036484896 1.6581412507191755 
16.614358571989015 0.8899935346509907 
16.633974107493135 0.9757277819106984 
16.653589642997254 2.9170306675628326 
16.673205178501373 1.8161220646691316 
16.692820714005492 1.088443283892051 
16.71243624950961 1.2061523843899946 
16.73205178501373 0.7070658029809347 
16.75166732051785 2.5015705037467946 
16.77128285602197 0.7785126150730831 
16.79089839152609 2.922952519973196 
16.810513927030208 2.2244912965556027 
16.830129462534327 1.0531306961531464 
16.849744998038446 1.3776580393617444 
16.869360533542565 1.1634519070602174 
16.888976069046684 1.396555902902258 
16.908591604550804 2.5759891200753504 
16.928207140054923 1.0806963378706538 
16.947822675559046 1.387589830730989 
16.967438211063165 1.2896548961797671 
16.987053746567284 1.1765627881927427 
17.006669282071403 1.1171436933254009 
17.026284817575522 1.5933935395975423 
17.04590035307964 1.9548626383531558 
17.06551588858376 1.5111640441377627 
17.08513142408788 0.9351006471393505 
17.104746959592 1.6863014370106053 
17.12436249509612 0.9014560105322569 
17.143978030600238 2.472761212693434 
17.163593566104357 1.5259114924623631 
17.183209101608476 1.080540736768045 
17.202824637112595 1.8532860358225647 
17.222440172616714 1.5582331773545068 
17.242055708120834 1.0486628704052667 
17.261671243624953 0.9063185827790629 
17.281286779129072 1.2118554317814874 
17.30090231463319 0.6561924279810292 
17.32051785013731 1.0430589185697274 
17.34013338564143 0.9763964031800348 
17.35974892114555 1.31332488534379 
17.379364456649668 1.745787484749643 
17.398979992153787 1.3440829731201451 
17.418595527657907 1.2722593207094661 
17.438211063162026 1.3615348399742544 
17.457826598666145 1.1259416035785947 
17.477442134170264 1.218316985207572 
17.497057669674383 0.8730410060321121 
17.516673205178503 0.7314771986880344 
17.536288740682622 1.6063958697130005 
17.55590427618674 2.565381327056761 
17.57551981169086 1.0244367622101047 
17.59513534719498 1.0023343358631147 
17.6147508826991 1.216102077402037 
17.634366418203218 1.9031936558475333 
17.653981953707337 1.3297177548387362 
17.673597489211456 0.9654755399451149 
17.693213024715575 1.2650783590628738 
17.712828560219695 0.8379817280202556 
17.732444095723814 2.301035879157377 
17.752059631227933 1.3161839452806405 
17.771675166732052 1.1379669779444104 
17.79129070223617 1.4191867566875946 
17.81090623774029 1.2571943927054072 
17.83052177324441 2.550690255436577 
17.85013730874853 2.373323562286457 
17.86975284425265 1.2471096065572214 
17.889368379756768 0.7275648060462011 
17.908983915260887 1.3783704471269573 
17.928599450765006 0.8208147226483902 
17.948214986269125 0.8176378798126562 
17.967830521773244 1.0341198604775528 
17.987446057277364 0.9928607669301086 
18.007061592781483 2.128239381514932 
18.0266771282856 0.9354088775758039 
18.04629266378972 2.8207644718928107 
18.06590819929384 1.1423253319885907 
18.08552373479796 1.6359989497569107 
18.10513927030208 0.9512967373276845 
18.1247548058062 1.6821865251584045 
18.14437034131032 1.208354339708663 
18.16398587681444 1.0575319577004447 
18.18360141231856 1.4710803058492086 
18.203216947822675 2.8031549386143766 
18.2228324833268 1.3828366339572544 
18.24244801883092 2.0752678504614304 
18.26206355433504 1.376614251170812 
18.281679089839155 2.160311462767484 
18.301294625343274 1.4217479778109448 
18.320910160847397 1.3538281631766755 
18.340525696351516 1.7124690005810659 
18.360141231855632 1.8316050353740245 
18.37975676735975 1.2887805168201516 
18.39937230286387 1.2051502028650876 
18.41898783836799 1.2402183559200401 
18.43860337387211 1.320256646091419 
18.458218909376228 1.1395845369286959 
18.477834444880347 1.0339704247877106 
18.497449980384467 0.8660923622492972 
18.517065515888586 0.8305236160895665 
18.536681051392705 1.4799116870134161 
18.556296586896824 1.2729655563662137 
18.575912122400943 2.5192118735467957 
18.595527657905063 1.1299856611655155 
18.615143193409185 1.0038705027030856 
18.6347587289133 1.9466736818376607 
18.65437426441742 1.750618713359047 
18.67398979992154 1.0491674067453334 
18.69360533542566 1.155896868663498 
18.713220870929774 1.3752594005122707 
18.732836406433897 1.505961288916075 
18.752451941938016 0.6229700180416504 
18.772067477442132 1.173195922024936 
18.79168301294625 1.0170364964902519 
18.81129854845037 0.8877468159502168 
18.830914083954493 1.0034835974094658 
18.85052961945861 1.3504737943038045 
18.87014515496273 0.8790567015624398 
18.88976069046685 1.395773681708061 
18.90937622597097 2.227582571749594 
18.92899176147509 0.9047167687384233 
18.94860729697921 0.8492572368529733 
18.968222832483328 1.1625514566931712 
18.987838367987447 0.9138449621743299 
19.00745390349157 1.1052413499030507 
19.027069438995685 1.2449111636928487 
19.046684974499804 1.581135737226103 
19.066300510003924 1.9673700250618553 
19.085916045508043 1.26083568085815 
19.10553158101216 1.4800029629194007 
19.12514711651628 0.9927167466986896 
19.1447626520204 1.1997000572028202 
19.16437818752452 1.4420552145537104 
19.18399372302864 1.171723394165966 
19.20360925853276 1.229340728619666 
19.22322479403688 2.0916155753587025 
19.242840329541 2.5098668143086864 
19.26245586504512 0.8774704943598398 
19.282071400549235 1.1390536102760245 
19.301686936053358 0.9301617750801123 
19.321302471557477 1.3340545598607783 
19.340918007061592 0.9758991645703807 
19.36053354256571 1.3340708169629225 
19.38014907806983 1.264963533534386 
19.39976461357395 0.9256832052589551 
19.41938014907807 1.0356514153855327 
19.43899568458219 0.6217045367127352 
19.45861122008631 1.1036290221080713 
19.47822675559043 1.846227431467212 
19.49784229109455 1.092914221306632 
19.51745782659867 1.754725796621688 
19.537073362102788 1.2327899413971173 
19.556688897606907 1.0819960653740193 
19.576304433111027 1.2529567109095783 
19.595919968615146 1.1251587515936816 
19.615535504119265 1.0741142141987636 
19.635151039623384 0.5781116069452508 
19.654766575127503 1.0364794163550362 
19.674382110631623 1.040185008753459 
19.69399764613574 1.887010084890968 
19.71361318163986 1.1924100956343286 
19.73322871714398 2.1772756668972626 
19.7528442526481 0.6839745935505193 
19.77245978815222 0.972654593492443 
19.792075323656334 0.8707993917632739 
19.811690859160457 1.2421843404849089 
19.831306394664576 0.6406629737067595 
19.850921930168692 1.0232224766053895 
19.87053746567281 1.2954807154676051 
19.89015300117693 0.6206138053683464 
19.909768536681053 2.2011595119091654 
19.92938407218517 0.655354298287789 
19.94899960768929 1.167522290541743 
19.96861514319341 1.2954235721928884 
19.98823067869753 0.945606375444424 
20.00784621420165 1.1061407655745004 
20.02746174970577 0.7019568169855218 
20.047077285209888 0.8666051324187143 
20.066692820714007 0.9010724776391602 
20.08630835621813 0.7765157145631584 
20.105923891722245 1.5329233984561446 
20.125539427226364 1.0234426719362582 
20.145154962730484 1.4768595944715228 
20.164770498234603 0.9869358108906136 
20.18438603373872 1.1419429731114228 
20.20400156924284 1.064943745392494 
20.22361710474696 0.9376530886769268 
20.24323264025108 1.2057156940470166 
20.2628481757552 1.311582145502157 
20.28246371125932 0.8991325471514203 
20.30207924676344 1.1637055589362433 
20.32169478226756 1.149746764164305 
20.34131031777168 0.7038641116582139 
20.360925853275795 1.0477443104629451 
20.380541388779918 0.5359125524717301 
20.400156924284037 1.1291540159332085 
20.419772459788152 0.8424140324517676 
20.43938799529227 1.576604373758175 
20.45900353079639 1.789639962032457 
20.47861906630051 1.0495492247363747 
20.49823460180463 1.0033549754686404 
20.51785013730875 0.8801105500773584 
20.537465672812868 0.5996000000662892 
20.557081208316987 0.7164906554525563 
20.576696743821103 0.4844278034210316 
20.596312279325225 0.7247131733340999 
20.615927814829345 0.8440702849215652 
20.635543350333464 1.3456639965003783 
20.655158885837583 1.0002381457092853 
20.674774421341706 0.5438992862348025 
20.69438995684582 1.1792703126138802 
20.71400549234994 1.3133421642872087 
20.733621027854063 0.5099040586904788 
20.753236563358183 1.350297425360865 
20.7728520988623 0.716268729533673 
20.79246763436642 1.0017271500351597 
20.81208316987054 1.0044192818795739 
20.83169870537466 1.2925628510844847 
20.85131424087878 1.1619337583330778 
20.870929776382894 0.988871139475513 
20.890545311887017 1.1118108359603227 
20.910160847391136 0.6674734532829254 
20.929776382895252 1.1441584567161687 
20.94939191839937 0.8635958266506994 
20.96900745390349 0.91438303721007 
20.988622989407613 0.9686772532196076 
21.00823852491173 1.0707217299731782 
21.02785406041585 1.3264825184108944 
21.04746959591997 0.9095985323141215 
21.06708513142409 5.49042198940918 
21.08670066692821 1.4556368021635606 
21.10631620243233 0.9721949869971709 
21.125931737936448 1.1779563887696505 
21.145547273440567 1.8573857746930693 
21.16516280894469 1.6105857482546873 
21.184778344448805 0.788510451298564 
21.204393879952924 1.6730985343149152 
21.224009415457044 0.801353788187963 
21.243624950961163 1.1166687704807934 
21.26324048646528 1.8803678167753597 
21.2828560219694 0.5436402235384966 
21.30247155747352 0.9750447478951392 
21.32208709297764 0.8917116782231481 
21.34170262848176 0.8386522479063299 
21.36131816398588 1.5830133660960617 
21.38093369949 0.8749483274909204 
21.40054923499412 1.1463815603643062 
21.42016477049824 1.5897453540446884 
21.439780306002355 0.847273244326152 
21.459395841506478 0.8483107250586328 
21.479011377010597 1.77285031028301 
21.498626912514712 0.7863808301231464 
21.51824244801883 2.244395079464381 
21.53785798352295 1.1706494144482253 
21.55747351902707 0.873390174014112 
21.57708905453119 0.8067687947583864 
21.59670459003531 1.5817130908082535 
21.616320125539428 0.8365078591035295 
21.635935661043547 2.222059215763276 
21.655551196547663 1.7376277610134538 
21.675166732051785 1.1482832577745645 
21.694782267555905 2.0754895092681744 
21.714397803060024 2.1034716083031557 
21.734013338564143 0.8850531701143308 
21.753628874068266 1.1588829430212286 
21.77324440957238 1.8116615397104532 
21.7928599450765 0.8250224675407104 
21.81247548058062 1.1974584181583305 
21.83209101608474 1.0400658050122509 
21.851706551588855 0.716999164202543 
21.871322087092977 1.0642274370086184 
21.890937622597097 2.4081616624058233 
21.910553158101216 1.102277761937127 
21.93016869360533 1.8180493455624687 
21.94978422910945 0.9736814389310855 
21.969399764613577 1.2735031002791546 
21.989015300117696 0.977052831311837 
22.008630835621812 1.11966952269194 
22.02824637112593 1.5941932813447874 
22.04786190663005 1.0211761351950828 
22.067477442134173 1.8804430782705948 
22.08709297763829 1.274328623219979 
22.10670851314241 1.1217817515155801 
22.12632404864653 1.3408507503156029 
22.14593958415065 1.69001949195851 
22.16555511965477 1.1695807254076644 
22.18517065515889 1.1700415641871826 
22.204786190663008 0.913379175705417 
22.224401726167127 0.8149379927152847 
22.24401726167125 1.1910317941840194 
22.263632797175365 2.1405407246562134 
22.283248332679484 1.4278513007824063 
22.302863868183604 1.1141643106913033 
22.322479403687723 0.8211567069352225 
22.34209493919184 1.0937585146271778 
22.36171047469596 1.1677686036215897 
22.38132601020008 1.1844789209053808 
22.4009415457042 1.7597236728415349 
22.42055708120832 1.3285393009794437 
22.44017261671244 0.9769422661249836 
22.45978815221656 1.472942693882082 
22.47940368772068 1.2881185228811296 
22.4990192232248 1.159372836243379 
22.518634758728915 1.0801776347444512 
22.538250294233038 0.6952521243525553 
22.557865829737157 1.89954999078226 
22.577481365241272 1.3644206783297848 
22.59709690074539 1.7787792235669349 
22.61671243624951 1.2848799154894737 
22.63632797175363 1.0570859959030494 
22.65594350725775 1.3456299306607746 
22.67555904276187 1.410425280867124 
22.695174578265988 1.3986495688004918 
22.714790113770107 1.0856878688171603 
22.734405649274223 1.1797449929869404 
22.754021184778345 1.8259017120881667 
22.773636720282465 0.8414558771703429 
22.793252255786584 1.0213386264874746 
22.812867791290703 1.0209103288144061 
22.832483326794826 1.771761089168962 
22.85209886229894 0.7445616373231154 
22.87171439780306 1.5763654082477232 
22.89132993330718 0.9609738196763168 
22.9109454688113 1.5942014856256217 
22.930561004315415 2.1703994688715618 
22.950176539819537 1.6636144720250616 
22.969792075323657 1.145576167420965 
22.989407610827776 0.9061316544579215 
23.00902314633189 1.734818856513015 
23.02863868183601 1.2575670290850032 
23.048254217340133 1.3742571743446106 
23.067869752844253 1.4411749038090713 
23.08748528834837 0.8568614381144409 
23.10710082385249 0.935533589501854 
23.12671635935661 1.2428383430439478 
23.14633189486073 1.462157850893382 
23.16594743036485 0.7622413399125275 
23.185562965868968 1.6575474029810908 
23.205178501373087 0.7526441868228723 
23.224794036877206 1.5523831502301693 
23.24440957238133 1.266637709761351 
23.26402510788545 1.0973123342941484 
23.283640643389568 0.758346041510371 
23.303256178893687 1.3894839985661744 
23.32287171439781 1.312635209550419 
23.342487249901925 1.506797077128902 
23.362102785406044 2.3189623200028944 
23.381718320910164 1.2900281547198995 
23.401333856414283 0.7883310845674744 
23.4209493919184 0.8054347958743279 
23.44056492742252 1.2744030663569936 
23.46018046292664 1.0197214426807504 
23.47979599843076 1.162328842933616 
23.49941153393488 1.1181248504413543 
23.519027069439 1.30042836704501 
23.53864260494312 1.9318873134667252 
23.55825814044724 1.0574018527773594 
23.57787367595136 0.7857803792522116 
23.597489211455475 1.1719763920513204 
23.617104746959598 1.2028714173746131 
23.636720282463717 2.937676869146185 
23.656335817967832 1.7005089046144357 
23.67595135347195 0.5786556693540892 
23.69556688897607 1.0639209841942396 
23.71518242448019 1.0089844773383356 
23.73479795998431 2.0928820753790687 
23.75441349548843 1.2483464926804972 
23.774029030992548 0.8789117201395602 
23.793644566496667 0.7486417794193831 
23.813260102000783 1.4242626068612994 
23.832875637504905 1.1456176220997365 
23.852491173009025 1.4380479761320186 
23.872106708513144 1.3248488480847955 
23.891722244017263 0.8689398352855274 
23.911337779521386 1.0006383705357849 
23.9309533150255 1.572953211161224 
23.95056885052962 1.356265663298856 
23.97018438603374 0.754391418021111 
23.98979992153786 0.9375029031428586 
24.009415457041975 1.0308676969945265 
24.029030992546097 0.977611608972047 
24.048646528050217 1.789616985904718 
24.068262063554336 1.1028480446012165 
24.08787759905845 0.9963038927174399 
24.10749313456257 1.0627723850885835 
24.127108670066693 0.9983142887674008 
24.146724205570813 0.7472604211119587 
24.16633974107493 0.7858522684894759 
24.18595527657905 2.513215417171957 
24.20557081208317 1.256513878966391 
24.22518634758729 1.5343415650349561 
24.24480188309141 0.940906140181429 
24.264417418595528 1.087863148285848 
24.284032954099647 1.72430857498475 
24.303648489603766 1.0683303887562074 
24.32326402510789 1.7725778147414362 
24.342879560612005 0.5389310151687491 
24.362495096116124 0.9846290201894325 
24.382110631620243 1.6213299816865654 
24.40172616712436 0.9877100914265743 
24.42134170262848 0.9237917516504495 
24.4409572381326 1.704657742100552 
24.46057277363672 1.3851028847351243 
24.480188309140843 1.365060003318628 
24.49980384464496 1.1412113058375057 
24.51941938014908 1.1867205391222562 
24.5390349156532 1.7091074213794564 
24.55865045115732 0.807291322558519 
24.57826598666144 1.6507893606204471 
24.59788152216556 0.898386401676018 
24.61749705766968 2.173378055250965 
24.6371125931738 1.1840363533291562 
24.65672812867792 0.7209346752733147 
24.676343664182035 1.5198658943480718 
24.695959199686158 1.6669236934287488 
24.715574735190277 0.8158825848129213 
24.735190270694392 1.1936700187669071 
24.75480580619851 0.7748283425643404 
24.77442134170263 1.101563488630521 
24.79403687720675 1.8895188885395136 
24.81365241271087 1.3614948615586113 
24.83326794821499 0.9421734330429317 
24.852883483719108 3.1084012862479624 
24.872499019223227 2.54949956858079 
24.892114554727343 1.3076401360175343 
24.911730090231465 0.8094055990910276 
24.931345625735585 1.0961573871752386 
24.950961161239704 1.0010921405244313 
24.970576696743823 0.8071470451403581 
24.990192232247946 1.309737689370465 
25.00980776775206 1.5112555785224764 
25.02942330325618 1.6663539512474856 
25.0490388387603 0.8539945494373326 
25.06865437426442 1.0455660472489374 
25.088269909768535 0.508122850452482 
25.107885445272657 1.1717996170644618 
25.127500980776777 1.030661895336932 
25.147116516280896 1.0700175940907297 
25.16673205178501 1.1932739139403108 
25.18634758728913 0.7278975543177382 
25.205963122793253 0.9892231336343598 
25.225578658297373 0.9363314808037045 
25.24519419380149 0.9844964404496488 
25.26480972930561 0.8607125831753308 
25.28442526480973 0.9023105676313757 
25.30404080031385 1.0741075820395978 
25.32365633581797 0.868138386168988 
25.343271871322088 1.3654230648694516 
25.362887406826207 0.8027579308051275 
25.382502942330326 1.041910193270398 
25.40211847783445 1.321296608087039 
25.421734013338565 0.8369474749705773 
25.441349548842684 0.7275160731122521 
25.460965084346803 1.2638243714286652 
25.48058061985092 1.7677048646700841 
25.50019615535504 0.5692139952787433 
25.51981169085916 0.9443041136420499 
25.53942722636328 1.1282198561638366 
25.5590427618674 0.9276998560718903 
25.57865829737152 1.1519038496832354 
25.59827383287564 1.011359093449016 
25.61788936837976 1.2389611081717085 
25.63750490388388 1.1598436042453384 
25.657120439387995 1.194368824407407 
25.676735974892114 1.0347451538152637 
25.696351510396237 1.3715503661540658 
25.715967045900356 0.9549481420371378 
25.735582581404472 1.342014915691552 
25.755198116908595 1.96338919823263 
25.774813652412718 0.9740616453687714 
25.794429187916837 1.1607769558912333 
25.814044723420952 0.8421479316972224 
25.83366025892507 0.9028958154725042 
25.85327579442919 0.7640534022521793 
25.87289132993331 0.7942069544095985 
25.89250686543743 0.733928261574162 
25.91212240094155 2.2018704288700532 
25.931737936445668 1.2367870358019633 
25.951353471949787 1.9026842852000811 
25.970969007453903 1.6080396017480296 
25.990584542958025 0.5680573565859871 
26.010200078462145 1.2001564244246132 
26.029815613966264 1.3911134214833734 
26.049431149470383 1.8447543131895987 
26.069046684974506 0.8942222611828319 
26.08866222047862 2.7390050118992777 
26.10827775598274 1.6626735994477915 
26.12789329148686 0.6575755496061737 
26.14750882699098 1.153926962219231 
26.167124362495095 0.6430167450001696 
26.186739897999217 0.9911483488381441 
26.206355433503337 1.8943293913920607 
26.225970969007456 0.7883007240564631 
26.24558650451157 0.9876564595883837 
26.26520204001569 1.0896710270223897 
26.284817575519813 0.5987261398939367 
26.304433111023933 0.8739105375185586 
26.32404864652805 0.7816482606865618 
26.34366418203217 1.148543254056788 
26.36327971753629 1.4060669077631676 
26.38289525304041 0.8104049454624809 
26.40251078854453 1.1449332067832272 
26.422126324048648 0.7904275763001639 
26.441741859552767 0.8250613543241138 
26.461357395056886 2.119291089990489 
26.48097293056101 0.9909874433157561 
26.500588466065125 3.0548715209114468 
26.520204001569244 0.5836947504817076 
26.539819537073363 0.7673755594779462 
26.55943507257748 1.31545222927718 
26.5790506080816 0.4302461043768424 
26.59866614358572 0.5715345962811134 
26.61828167908984 0.8855602368810308 
26.63789721459396 1.0015773936019243 
26.65751275009808 2.1066622067653022 
26.6771282856022 1.112660495675979 
26.69674382110632 1.359872812608188 
26.71635935661044 0.6955522019355218 
26.735974892114555 1.3914366320914544 
26.755590427618674 3.063491727799612 
26.775205963122797 1.4186471946393828 
26.794821498626916 1.0448228920110938 
26.814437034131032 0.6702812148716079 
26.83405256963515 1.3603151063726657 
26.85366810513927 0.7467203187913865 
26.87328364064339 1.4009174657201404 
26.89289917614751 1.3199362168097308 
26.912514711651628 1.0254709634263883 
26.932130247155747 0.655909660018448 
26.951745782659867 0.6246484975691285 
26.971361318163986 1.0608053899595757 
26.99097685366811 1.0514680690492475 
27.010592389172228 0.7227482445906908 
27.030207924676347 0.8558731686610095 
27.049823460180463 0.5301478958429483 
27.069438995684585 0.95105168716159 
27.089054531188705 1.592729834848357 
27.108670066692824 1.3183513288766382 
27.128285602196943 0.5979013958606038 
27.147901137701066 0.7041833690050524 
27.16751667320518 2.0999553015318098 
27.1871322087093 1.5386976228522504 
27.20674774421342 1.9861870451993686 
27.22636327971754 0.8999071850753855 
27.245978815221655 1.1255229552148918 
27.265594350725777 1.5476044548467875 
27.285209886229897 1.4852908666638895 
27.304825421734016 0.8228226608431258 
27.32444095723813 0.9840747968825294 
27.34405649274225 3.466865463026262 
27.363672028246373 2.744166985930872 
27.383287563750493 1.882746099745017 
27.40290309925461 1.1601756299690233 
27.42251863475873 0.5995013871235001 
27.44213417026285 0.8067606012685111 
27.46174970576697 1.3448763959788301 
27.48136524127109 1.8824477432122884 
27.500980776775208 1.1060290391287495 
27.520596312279327 0.8884584455655645 
27.540211847783446 1.1929751158126174 
27.55982738328757 0.7601201473389763 
27.579442918791685 1.0799027631588887 
27.599058454295804 1.5887202801916478 
27.618673989799923 2.01770395931419 
27.63828952530404 1.0251847104927476 
27.65790506080816 0.9488327625776972 
27.67752059631228 1.7473219644373101 
27.6971361318164 3.292286326967581 
27.71675166732052 1.0312187864989506 
27.73636720282464 3.8096658550071223 
27.75598273832876 1.4454942312093344 
27.77559827383288 0.7839356384908899 
27.795213809337 1.3877176544447491 
27.814829344841115 1.1837079063826925 
27.834444880345234 0.8188089078160107 
27.854060415849357 2.933914346367072 
27.873675951353476 1.5511672663188825 
27.893291486857592 1.4356100510489007 
27.91290702236171 1.46323622914799 
27.93252255786583 0.7027864642711034 
27.95213809336995 1.0043796515167438 
27.97175362887407 1.5290665921639721 
27.991369164378188 1.7426406553192901 
28.010984699882307 1.5480672402513649 
28.030600235386427 3.2665006961304197 
28.050215770890546 2.0779581071994584 
28.069831306394665 1.88473898201307 
28.089446841898784 1.6578315589509176 
28.109062377402903 1.5459985282522872 
28.128677912907023 1.182297363971634 
28.148293448411145 1.5568717718458613 
28.16790898391526 1.5373528780001129 
28.18752451941938 0.9511244894254586 
28.2071400549235 0.8307946779545103 
28.22675559042762 0.8820057914718179 
28.246371125931734 1.384047502427404 
28.26598666143586 1.6926695257189506 
28.28560219693998 2.2218980770375425 
28.3052177324441 1.1354456073360597 
28.324833267948215 0.8956095838277267 
28.344448803452337 2.3495925698690434 
28.364064338956457 2.061535901954579 
28.383679874460576 1.5512425546984194 
28.40329540996469 3.2180271482034875 
28.42291094546881 0.817658949272218 
28.442526480972933 0.9822547554043567 
28.462142016477053 1.0465265162643225 
28.48175755198117 1.2771268676349101 
28.50137308748529 1.2452935580456934 
28.52098862298941 1.7741170488102649 
28.54060415849353 1.164954981905399 
28.56021969399765 0.9644648892793485 
28.579835229501768 2.1589872733844877 
28.599450765005887 1.3815479422426162 
28.619066300510006 1.161941994721628 
28.63868183601413 1.0100004364921187 
28.658297371518245 1.4899091945801395 
28.677912907022364 1.0270045037106386 
28.697528442526483 1.8104891744376488 
28.7171439780306 2.261627042149401 
28.73675951353472 1.5741133700871202 
28.75637504903884 2.0897004871170823 
28.77599058454296 2.1088864963296756 
28.79560612004708 1.3955712054435685 
28.8152216555512 1.4784012256897585 
28.83483719105532 1.982416104347966 
28.85445272655944 1.4961362085345058 
28.87406826206356 1.4164072833970482 
28.893683797567675 1.2709084555706944 
28.913299333071794 1.89506219406957 
28.932914868575917 1.461775474315235 
28.952530404080036 2.447409797559498 
28.972145939584152 1.3494031359508698 
28.99176147508827 1.8011057207145897 
29.01137701059239 1.7960823445468452 
29.03099254609651 1.7548264041685744 
29.05060808160063 1.5537444027743184 
29.070223617104748 2.284782270676316 
29.089839152608867 1.3432150345622653 
29.109454688112987 1.230401939546008 
29.129070223617106 0.6412045381610008 
29.148685759121225 1.2272384514009942 
29.168301294625344 0.8855000312517165 
29.187916830129463 2.6568246756363854 
29.207532365633583 1.255638977685452 
29.227147901137705 1.3956506424376471 
29.24676343664182 1.3885315277308357 
29.26637897214594 2.072036492735145 
29.28599450765006 1.123490669859772 
29.30561004315418 0.7925457801245929 
29.325225578658294 1.2860513906001965 
29.344841114162417 1.3092090303464659 
29.364456649666536 0.5880372135907002 
29.384072185170652 1.3340157772661532 
29.40368772067477 1.0344000841813676 
29.42330325617889 1.1055886716583911 
29.442918791683013 0.9597683967642078 
29.46253432718713 1.7492802102254836 
29.48214986269125 1.8334283091398795 
29.50176539819537 1.1951526828799752 
29.521380933699493 1.4314709105722183 
29.540996469203613 0.5829363504545014 
29.56061200470773 1.177253087609778 
29.58022754021185 0.4268969764576878 
29.59984307571597 1.5746131348674068 
29.61945861122009 1.1343493398929558 
29.63907414672421 0.9245452387975663 
29.658689682228328 1.3297682342827437 
29.678305217732447 1.2902785138162658 
29.697920753236566 1.2801013207146863 
29.71753628874069 2.336388490073791 
29.737151824244805 0.6635422084815376 
29.756767359748924 1.2565157896107992 
29.776382895253043 0.985204628874396 
29.79599843075716 1.2887779287119077 
29.81561396626128 1.6678167216524902 
29.8352295017654 2.2822618504468952 
29.85484503726952 1.0901162259507813 
29.87446057277364 0.8878198680241832 
29.89407610827776 1.313373141807802 
29.91369164378188 0.7757774034206752 
29.933307179286 1.0520738893538417 
29.95292271479012 0.8009381862650355 
29.972538250294235 0.9850554702206608 
29.992153785798354 1.0948451771958096 
30.011769321302477 0.5933728104311146 
30.031384856806596 0.9096865541416128 
30.051000392310712 2.8488807477144817 
30.07061592781483 1.0108611580466769 
30.09023146331895 0.7819949546303897 
30.10984699882307 6.915799839495076 
30.12946253432719 1.4404257643777094 
30.149078069831308 0.7957911320907322 
30.168693605335427 0.9977882136733415 
30.188309140839547 0.8011708404463312 
30.207924676343666 1.9866442169619332 
30.227540211847785 0.8737984824090045 
30.247155747351904 0.7799720235603852 
30.266771282856023 0.573038991562372 
30.286386818360143 0.618582450531164 
30.306002353864265 0.6816445797360243 
30.32561788936838 1.1424865503068564 
30.3452334248725 4.885706556812453 
30.36484896037662 0.8769820915332256 
30.38446449588074 0.7839718912350029 
30.404080031384854 1.3555605063987464 
30.423695566888977 1.1160037613161946 
30.443311102393096 1.500009793819581 
30.462926637897212 0.7544118226456404 
30.48254217340133 2.0992935733356624 
30.50215770890545 1.4550411892995345 
30.521773244409573 1.460227947016831 
30.54138877991369 2.2127743033551526 
30.56100431541781 1.1252205287269652 
30.58061985092193 1.170070701263699 
30.60023538642605 0.6745009411015808 
30.61985092193017 1.7106727620200977 
30.63946645743429 1.075537768395786 
30.659081992938408 1.4932336269908388 
30.678697528442527 1.3905616933356082 
30.69831306394665 1.2361499751662675 
30.717928599450765 1.513282473691242 
30.737544134954884 1.8582181335478227 
30.757159670459004 0.9643511495976314 
30.776775205963126 1.0624903413205204 
30.79639074146725 0.8732377067051218 
30.816006276971365 0.9208807132364488 
30.835621812475484 0.9024279707442461 
30.855237347979603 1.066489920952583 
30.87485288348372 0.9799431299356461 
30.89446841898784 1.1086508964325577 
30.91408395449196 0.9033256357261055 
30.93369948999608 1.0592635362447549 
30.9533150255002 1.5576512173815964 
30.97293056100432 0.5985491028294657 
30.99254609650844 5.215595569842799 
31.01216163201256 1.8589189698092528 
31.03177716751668 1.1967286589781607 
31.051392703020795 1.259168246221893 
31.071008238524914 0.6955287839634352 
31.090623774029037 1.0233298370938095 
31.110239309533156 1.7412939135568481 
31.129854845037272 1.347559746843373 
31.14947038054139 1.105502009540879 
31.16908591604551 1.2130515463694942 
31.18870145154963 1.298888647471424 
31.20831698705375 1.822058236193186 
31.227932522557868 1.0133608008990553 
31.247548058061987 2.9285436173107113 
31.267163593566107 0.6506286612323998 
31.286779129070226 1.3951684836721936 
31.306394664574345 1.0398077705820057 
31.326010200078464 1.252899708672476 
31.345625735582583 0.8452478006335723 
31.365241271086703 0.8697767522713556 
31.38485680659082 1.6250280671780537 
31.40447234209494 1.156651397820744 
31.42408787759906 0.6308768896813092 
31.44370341310318 0.7617136963073999 
31.4633189486073 1.51308646751207 
31.482934484111414 1.453161895758851 
31.502550019615537 0.7762595279538412 
31.522165555119656 0.7781232782060926 
31.541781090623772 1.4713214885657204 
31.56139662612789 0.8961771973559984 
31.58101216163201 0.8120234774118626 
31.600627697136133 1.0070895477492867 
31.62024323264025 1.0193006767922168 
31.63985876814437 1.111765512713741 
31.65947430364849 1.801948089273874 
31.67908983915261 1.04843964936467 
31.69870537465673 0.7201992350185397 
31.71832091016085 1.679588953195218 
31.737936445664968 0.7443093539719035 
31.757551981169087 0.8385898710145787 
31.77716751667321 1.0403171943918865 
31.796783052177325 2.9620770250357475 
31.816398587681444 1.7322105709439852 
31.836014123185564 1.680041573571957 
31.855629658689683 0.7915622169529325 
31.8752451941938 0.8950672901615324 
31.89486072969792 0.9807629671599363 
31.91447626520204 1.190793659175491 
31.93409180070616 1.819581781292053 
31.95370733621028 1.0185984128901968 
31.9733228717144 0.9634921315941993 
31.99293840721852 0.4256453720996144 
32.01255394272264 2.083763877154073 
32.03216947822676 0.6151106086665233 
32.05178501373088 0.9013050761559005 
32.071400549234994 1.1798345642345744 
32.09101608473912 1.096354211323096 
32.11063162024323 0.8102477317595971 
32.130247155747355 0.826362851107241 
32.14986269125147 0.8517247812346563 
32.169478226755594 0.664272171216302 
32.18909376225971 1.103307201037893 
32.20870929776383 1.0157344358062235 
32.22832483326795 2.0334464105723193 
32.24794036877207 1.7334888291354762 
32.267555904276186 1.5461230511125015 
32.28717143978031 1.4794495974792627 
32.306786975284425 0.6629046066063771 
32.32640251078855 1.302105658320668 
32.34601804629266 1.7747258365466514 
32.365633581796786 1.265124469242688 
32.3852491173009 1.4494907322783968 
32.404864652805024 1.5274250561970422 
32.42448018830914 1.4152425345336512 
32.44409572381326 1.5485093064927886 
32.46371125931738 2.2817299467793326 
32.4833267948215 0.965413050278309 
32.50294233032562 1.0136843995432472 
32.52255786582974 1.0993586506122381 
32.542173401333855 1.4567752704999835 
32.56178893683798 0.9094394518195975 
32.58140447234209 0.7782949020488469 
32.601020007846216 1.2660265133700623 
32.62063554335033 1.3611055574522863 
32.640251078854455 1.4808438545663176 
32.65986661435858 0.7753628519908703 
32.67948214986269 1.0186002977597721 
32.699097685366816 1.2151152553810778 
32.71871322087093 1.6375747111565109 
32.738328756375054 0.9776929228288369 
32.75794429187917 1.0001595227089632 
32.77755982738329 0.9859753062116048 
32.79717536288741 0.6660657722482738 
32.81679089839153 0.6442914256006916 
32.83640643389565 1.058390757991703 
32.85602196939977 0.8181715114202963 
32.875637504903885 0.8240794600548691 
32.89525304040801 1.024084452963047 
32.914868575912124 1.0289093238559026 
32.934484111416246 0.8134307531907075 
32.95409964692036 1.778038633692763 
32.973715182424485 1.1877607030149293 
32.9933307179286 1.4177767055863968 
33.01294625343272 1.9153795950662267 
33.03256178893684 1.42215121563616 
33.05217732444096 1.6440274091916105 
33.07179285994508 1.581761298855657 
33.0914083954492 3.0713028444450536 
33.11102393095332 1.2043121240820371 
33.13063946645744 1.0444382628741786 
33.150255001961554 2.2311652859473448 
33.16987053746568 1.0152607991756795 
33.18948607296979 1.326969063821042 
33.209101608473915 0.8289323202835167 
33.22871714397803 0.8806814845632005 
33.248332679482154 1.074134861286368 
33.26794821498627 2.0601407357281616 
33.28756375049039 0.9165462331322474 
33.30717928599451 0.9248127049410492 
33.32679482149863 0.9960518854964147 
33.346410357002746 1.3182898931948186 
33.36602589250687 0.8051723070053352 
33.385641428010985 0.5649459107597385 
33.40525696351511 1.4549154478902013 
33.42487249901922 2.092754555346029 
33.444488034523346 1.2994145810682007 
33.46410357002746 0.9703099198796307 
33.483719105531584 1.8909595172998073 
33.5033346410357 1.0489214381683933 
33.52295017653982 1.3347671992612702 
33.54256571204394 1.5567498672927202 
33.56218124754806 1.7984358195821 
33.58179678305218 1.036558032577761 
33.6014123185563 1.15149230199274 
33.621027854060415 1.217911236468911 
33.64064338956454 1.5093028830350235 
33.66025892506865 1.1575961770495895 
33.679874460572776 1.050870714161374 
33.69948999607689 1.3425747237474825 
33.719105531581015 0.8891324367797266 
33.73872106708513 1.2772613900501482 
33.75833660258925 1.3772388312665529 
33.77795213809337 1.9607868866577582 
33.79756767359749 1.106608664487176 
33.81718320910161 0.9096780094799798 
33.83679874460573 2.226833104882661 
33.856414280109846 2.3004027621502376 
33.87602981561397 1.2114100846473863 
33.89564535111809 1.4116145027136247 
33.91526088662221 1.6517174620746746 
33.93487642212633 1.0502872533334442 
33.954491957630445 1.0305633750754681 
33.97410749313457 1.1445640429376938 
33.993723028638684 0.9313471374010452 
34.013338564142806 1.6668981929267168 
34.03295409964692 1.5001223930347003 
34.052569635151045 0.932451048647799 
34.07218517065516 1.0268037921202748 
34.09180070615928 1.3955387230280025 
34.1114162416634 1.2632361675366295 
34.13103177716752 1.0634587107493414 
34.15064731267164 2.6638902196454284 
34.17026284817576 1.715061664513283 
34.18987838367988 1.923645385685204 
34.209493919184 1.2589460802093408 
34.229109454688114 1.8652400989942877 
34.24872499019224 1.6997482676620825 
34.26834052569635 1.2135104183520298 
34.287956061200475 1.0773267556833452 
34.30757159670459 0.5911042114383386 
34.327187132208714 0.9530296774600753 
34.34680266771283 1.0302476874998518 
34.36641820321695 3.9856216438132326 
34.38603373872107 1.1102710064322303 
34.40564927422519 0.7939732160653594 
34.425264809729306 1.9196383038811362 
34.44488034523343 1.116445229873183 
34.464495880737545 1.5874616480643209 
34.48411141624167 1.2297681760020562 
34.50372695174578 1.664851282455259 
34.523342487249906 3.153599735048173 
34.54295802275402 1.144905546101192 
34.562573558258144 1.7014263288563916 
34.58218909376226 0.6762906255700739 
34.60180462926638 1.0176451080634004 
34.6214201647705 0.9101904414397012 
34.64103570027462 1.4342693704634562 
34.66065123577874 1.0444405951225746 
34.68026677128286 1.3207622719699494 
34.699882306786975 2.0240197885975055 
34.7194978422911 1.0197256978480835 
34.73911337779521 0.9338296914358157 
34.758728913299336 0.5440422231389458 
34.77834444880345 0.7381536680612848 
34.797959984307575 1.4128748391638075 
34.81757551981169 1.6942163039617626 
34.83719105531581 1.0261211539015962 
34.85680659081993 1.2587900448322662 
34.87642212632405 0.7126682082191647 
34.89603766182817 1.4151607466855642 
34.91565319733229 1.7236175114866052 
34.935268732836406 1.3230394193214063 
34.95488426834053 0.9297878599589254 
34.974499803844644 1.065136463008287 
34.99411533934877 1.515613104559269 
35.01373087485288 0.6573355450662891 
35.033346410357005 0.6737043846224494 
35.05296194586112 0.8400175004339394 
35.072577481365244 1.5150300237734082 
35.09219301686936 1.6595974089860017 
35.11180855237348 1.093053347058765 
35.1314240878776 0.7832045784564685 
35.15103962338172 2.9397814720468367 
35.17065515888584 0.7108929123383588 
35.19027069438996 1.3475232144071887 
35.20988622989408 1.5860115719074708 
35.2295017653982 2.438245968791233 
35.24911730090232 1.2626702219702817 
35.26873283640644 1.1838192853602965 
35.28834837191056 1.394812072178041 
35.307963907414674 2.2808096576001047 
35.3275794429188 1.4389784758065645 
35.34719497842291 1.4906615361446198 
35.366810513927035 1.966000904677727 
35.38642604943115 0.9094392597017035 
35.406041584935274 0.9908206096028751 
35.42565712043939 3.5051014407030494 
35.44527265594351 1.2903003727874682 
35.46488819144763 0.9763731011877954 
35.48450372695175 2.3969312147099355 
35.504119262455866 1.1449405951547813 
35.52373479795999 1.580801473224015 
35.543350333464105 1.3071699487226662 
35.56296586896823 0.8173920647168982 
35.58258140447234 1.535981483570013 
35.602196939976466 2.4603697210108892 
35.62181247548058 1.3004915391592877 
35.641428010984704 0.9670594018876643 
35.66104354648882 1.7683162136938275 
35.68065908199294 1.0506249782814516 
35.70027461749706 1.237196827704327 
35.71989015300118 0.5808541351848665 
35.7395056885053 0.8707749083872534 
35.75912122400942 6.433028286590248 
35.778736759513535 1.4277525723778912 
35.79835229501766 0.9441266396160748 
35.81796783052177 1.0943069439028812 
35.837583366025896 1.5278570529294975 
35.85719890153001 1.254127308822694 
35.876814437034135 1.1419744830278993 
35.89642997253825 1.848472138911455 
35.91604550804237 2.577585430629692 
35.93566104354649 1.6912919421881127 
35.95527657905061 1.3109869768351075 
35.97489211455473 0.9123228471264101 
35.99450765005885 1.449700665279932 
36.014123185562966 0.9708381392781406 
36.03373872106709 0.9498931149002525 
36.0533542565712 0.7565719709207294 
36.07296979207533 5.454356156710536 
36.09258532757944 1.0382700395259674 
36.112200863083565 1.3269230247225918 
36.13181639858768 1.2382771120329699 
36.15143193409181 1.0739795403050443 
36.17104746959592 1.4069522873129505 
36.19066300510004 1.3280559206965399 
36.21027854060416 1.2593752393558901 
36.22989407610828 1.0891895307540072 
36.2495096116124 0.8254075717550572 
36.26912514711652 0.8080413078812677 
36.28874068262064 0.6637563211766491 
36.30835621812476 0.9342739291891471 
36.32797175362887 1.3637139001644156 
36.347587289133 1.0318352383110474 
36.36720282463711 1.1673406451234174 
36.386818360141234 1.2211448732394987 
36.40643389564535 0.9022031925388386 
36.42604943114947 1.212435033809477 
36.4456649666536 0.9230282559863803 
36.46528050215771 1.3126925218456555 
36.48489603766184 2.0921373844691096 
36.50451157316595 0.8067616069132403 
36.52412710867007 1.0911356596442967 
36.54374264417419 3.4881545591888052 
36.56335817967831 0.8553593977552242 
36.582973715182426 1.3788509309448305 
36.60258925068655 0.9489034311313785 
36.622204786190665 1.1303736095303683 
36.64182032169479 1.1214697175055532 
36.6614358571989 1.0954212045861618 
36.68105139270303 0.583387982402523 
36.70066692820714 1.0229701214084304 
36.720282463711264 0.9947634831615058 
36.73989799921538 1.5382890374357527 
36.7595135347195 1.1895402071710603 
36.77912907022362 1.454609414981351 
36.79874460572774 1.2059441152965693 
36.81836014123186 1.454188432241546 
36.83797567673598 0.8156457417389051 
36.857591212240095 0.9462412382047456 
36.87720674774422 1.3169591339855826 
36.89682228324833 1.6183442545830669 
36.916437818752456 1.0480925233425142 
36.93605335425657 2.0847199363346545 
36.955668889760695 1.3403979586321002 
36.97528442526481 1.3173300714227512 
36.99489996076893 1.0419717046181338 
37.01451549627305 0.7074159638784356 
37.03413103177717 1.3038123096000167 
37.05374656728129 0.6475758955084662 
37.07336210278541 2.1130042105049163 
37.092977638289526 0.80885629176484 
37.11259317379365 1.3898677858751805 
37.13220870929776 1.8944626608608905 
37.15182424480189 1.6639963236057793 
37.171439780306 2.0102746388944737 
37.191055315810125 0.6033853891974624 
37.21067085131424 0.5527094776469109 
37.23028638681837 1.6123317245191033 
37.24990192232248 1.5848004609314845 
37.2695174578266 0.696756309091881 
37.28913299333072 1.0680353132967952 
37.30874852883484 1.0372171724228298 
37.32836406433896 1.4583267226291796 
37.34797959984308 0.82834462897053 
37.3675951353472 1.0006269761593585 
37.38721067085132 1.210097672293087 
37.40682620635543 0.8788206462219077 
37.42644174185956 1.0483033788912635 
37.44605727736367 1.2095178127214323 
37.465672812867794 1.5148294260144115 
37.48528834837191 0.9080227504836588 
37.50490388387603 1.089898424392401 
37.52451941938015 1.0552046470446532 
37.54413495488427 0.9269442863264223 
37.56375049038839 1.1820838737309574 
37.58336602589251 0.6695664027647179 
37.60298156139663 0.8300024421496845 
37.62259709690075 1.5221420465662325 
37.64221263240486 1.3023631277991912 
37.661828167908986 1.2391638196155261 
37.68144370341311 0.8479759626683439 
37.701059238917225 0.8236314903170778 
37.72067477442135 0.7783726609791499 
37.74029030992546 0.9015586627794476 
37.75990584542959 2.755398134520528 
37.7795213809337 0.8746158385181549 
37.799136916437824 0.8044883939251749 
37.81875245194194 0.8487135231987429 
37.83836798744606 0.9631625628313805 
37.85798352295018 0.722817702419114 
37.8775990584543 0.9124764049413997 
37.89721459395842 0.7875467222413974 
37.91683012946254 0.59476717889344 
37.936445664966655 0.8625611434894381 
37.95606120047078 0.7377978296361539 
37.97567673597489 0.5743963632577599 
37.995292271479016 0.6515854002554256 
38.01490780698313 0.7058746090642076 
38.034523342487255 0.6983222805323474 
38.05413887799137 0.8637960791697296 
38.07375441349549 0.745693733193359 
38.09336994899961 0.961637622075752 
38.11298548450373 1.6231373705893637 
38.13260102000785 1.0119347994507053 
38.15221655551197 0.9313735003184239 
38.171832091016086 0.9148521665483841 
38.19144762652021 0.6665597782995034 
38.21106316202432 1.890073949630544 
38.23067869752845 0.6427871736652747 
38.25029423303256 0.5627923218366584 
38.269909768536685 0.7569942079397842 
38.2895253040408 1.1627566100939672 
38.30914083954492 0.79534595904716 
38.32875637504904 1.2581690830602643 
38.34837191055316 1.229456005296631 
38.36798744605728 1.4346631397624152 
38.3876029815614 1.1729559931839628 
38.40721851706552 0.9696120914987839 
38.42683405256964 0.7750865035066412 
38.44644958807376 0.7663276396050756 
38.46606512357788 1.1295097171870236 
38.48568065908199 1.1825864894955926 
38.50529619458612 0.49137760476041387 
38.52491173009023 0.9594945133452205 
38.544527265594354 0.9243620084436067 
38.56414280109847 1.611300440661202 
38.58375833660259 1.3574017598723642 
38.60337387210671 1.1856303787979885 
38.62298940761083 1.3329838351212573 
38.64260494311495 0.9678567156948725 
38.66222047861907 1.2655458124529348 
38.68183601412319 1.4125867633831064 
38.70145154962731 0.922102410004479 
38.72106708513142 1.0294818017599676 
38.740682620635546 0.939106231060836 
38.76029815613966 1.172169996412595 
38.779913691643785 1.1020023998430195 
38.7995292271479 1.0411538257670894 
38.81914476265202 1.3971193357910026 
38.83876029815614 1.405564159859429 
38.85837583366026 1.1746319342445082 
38.87799136916438 1.4244443022609865 
38.8976069046685 1.0177737789614214 
38.91722244017262 1.1017146826198951 
38.93683797567674 3.838572380960412 
38.95645351118086 1.4593951134242975 
38.97606904668498 1.8144946105347346 
38.9956845821891 2.9618559611609045 
39.015300117693215 2.1212628701866136 
39.03491565319734 1.8479614410297474 
39.05453118870145 1.7303284947085047 
39.074146724205576 1.724075394848639 
39.09376225970969 1.651074154226182 
39.113377795213815 1.589918567398277 
39.13299333071793 2.0202570319884083 
39.15260886622205 1.998379975089107 
39.17222440172617 1.1171140109665156 
39.19183993723029 2.1638904411016804 
39.21145547273441 2.0536426595012105 
39.23107100823853 1.5835233894516973 
39.250686543742646 1.0837070674120253 
39.27030207924677 0.9701455831055489 
39.28991761475088 1.7466655828894442 
39.30953315025501 1.3143298300558945 
39.32914868575912 1.6528039268632893 
39.348764221263245 1.10585375559972 
39.36837975676736 1.64253652035948 
39.38799529227148 1.1833043909882144 
39.4076108277756 1.3545976996563625 
39.42722636327972 0.8844093471486832 
39.44684189878384 1.0459579571193294 
39.46645743428796 1.5296364859945304 
39.48607296979208 1.1698696440278904 
39.5056885052962 3.2613153532771704 
39.52530404080032 1.0653547251899325 
39.54491957630444 1.3808698964613784 
39.56453511180855 1.5067309466140653 
39.58415064731268 1.3291561161020036 
39.60376618281679 2.5117767506778157 
39.623381718320914 1.4905823670768696 
39.64299725382503 1.0132425424955933 
39.66261278932915 1.180566221680782 
39.68222832483327 0.5589187906617358 
39.70184386033739 2.4681740899425266 
39.72145939584151 0.8919418365419008 
39.74107493134563 1.0990557026767056 
39.76069046684975 1.0807598762859578 
39.78030600235387 1.1914343029838044 
39.79992153785798 1.1210638106745139 
39.819537073362106 0.8970683500048122 
39.83915260886622 1.319329058461095 
39.858768144370345 0.6404279454748553 
39.87838367987446 1.6425092693069279 
39.89799921537858 1.1265767056567908 
39.9176147508827 0.9079901798181839 
39.93723028638682 1.0465599841143716 
39.95684582189094 1.1021697248916986 
39.97646135739506 0.8623484645015616 
39.996076892899175 2.047444351474068 
40.0156924284033 1.1865310354735377 
40.03530796390741 0.8964747446765478 
40.05492349941154 1.4492590454340646 
40.07453903491565 1.3328575571932963 
40.094154570419775 0.8655374597475529 
40.11377010592389 1.1729112513638598 
40.13338564142801 0.7643518243727874 
40.15300117693213 1.6650259787120167 
40.17261671243625 0.8008971925374936 
40.192232247940375 1.1834046632737563 
40.21184778344449 0.7297956348127836 
40.23146331894861 1.3835999521294462 
40.25107885445273 1.3306123973546864 
40.27069438995685 2.8914056833387836 
40.29030992546097 1.1157288664459915 
40.30992546096509 1.4236108740590192 
40.329540996469206 1.6901848137867528 
40.34915653197333 1.2160834807067378 
40.36877206747744 1.431997915586888 
40.38838760298157 1.914833348236718 
40.40800313848568 1.565655098987058 
40.427618673989805 1.2349246994645233 
40.44723420949392 1.036321157156108 
40.46684974499804 1.1692120647357316 
40.48646528050216 1.2209670933533714 
40.50608081600628 0.8348367974671982 
40.5256963515104 0.7964713203015295 
40.54531188701452 0.8178662804681427 
40.56492742251864 1.2361725851691538 
40.58454295802276 3.5587497403025163 
40.60415849352688 1.4192183094898483 
40.623774029031 1.3051395155442076 
40.64338956453511 1.2228253145867563 
40.66300510003924 1.2975832456466214 
40.68262063554335 1.1878335683144503 
40.702236171047474 1.0470626822379057 
40.72185170655159 0.9689477970612073 
40.74146724205571 0.8722063412635059 
40.76108277755983 0.9276590135961567 
40.78069831306395 1.004939492251588 
40.80031384856807 1.0350782934723097 
40.81992938407219 0.8976562862408693 
40.83954491957631 0.9033085602683428 
40.85916045508043 0.9321161934735055 
40.87877599058454 1.0450409902719842 
40.898391526088666 0.9431590825177238 
40.91800706159278 1.4500401836925187 
40.937622597096905 0.801253173801906 
40.95723813260102 1.2632679525264885 
40.97685366810514 2.9751799583274883 
40.99646920360926 0.7375545905561727 
41.01608473911338 1.0686610741540812 
41.0357002746175 1.1875203751422811 
41.05531581012162 1.1500283523120427 
41.074931345625735 0.8702599752909386 
41.09454688112986 1.045899823656016 
41.11416241663397 0.6952743433021186 
41.1337779521381 1.0927191205893414 
41.15339348764221 1.2859110993515228 
41.173009023146335 1.4408585318233673 
41.19262455865045 0.9262496611502526 
41.21224009415457 2.004533566111834 
41.23185562965869 2.9886004971193305 
41.25147116516281 1.234671507628467 
41.27108670066693 1.3036936975970366 
41.29070223617105 0.8880473082562317 
41.310317771675166 2.8003644611177747 
41.32993330717929 1.5252220429185432 
41.34954884268341 1.3253708278649905 
41.36916437818753 1.1786190288357095 
41.38877991369164 1.1153755278476114 
41.408395449195766 0.8253489097689044 
41.42801098469988 2.344875347490784 
41.447626520204 1.6467395730827954 
41.46724205570813 1.6758407937093307 
41.48685759121224 0.937949310228727 
41.506473126716365 0.9775147612583214 
41.52608866222048 1.058441623267145 
41.5457041977246 1.7308395137858665 
41.56531973322872 1.4825430264586024 
41.58493526873284 1.6050357666575499 
41.60455080423696 3.0414521199205864 
41.62416633974108 0.9655578431722164 
41.6437818752452 0.80656041521767 
41.66339741074932 1.3046103242955747 
41.68301294625344 1.2284659501425017 
41.70262848175756 2.0511819311331094 
41.72224401726167 0.8118898671483935 
41.7418595527658 1.089015128381704 
41.76147508826991 0.8607168938168068 
41.781090623774034 1.0815851105333112 
41.80070615927815 0.6486946247607908 
41.82032169478227 1.4077872093428854 
41.83993723028639 1.1916640614678817 
41.85955276579051 0.6227313204514767 
41.87916830129463 0.8210726087546248 
41.89878383679875 1.3224067548617875 
41.91839937230287 1.061373046249725 
41.93801490780699 0.6640072479726344 
41.9576304433111 0.70921820703447 
41.977245978815226 1.487931684499858 
41.99686151431934 0.8625830417321282 
42.016477049823465 0.5487962901137804 
42.03609258532758 1.1308799405562215 
42.0557081208317 0.590853316588272 
42.07532365633582 0.9025174090742856 
42.09493919183994 0.9772666800021161 
42.11455472734406 1.2670890305650024 
42.13417026284818 0.9920034156781473 
42.153785798352295 0.5471389676409111 
42.17340133385642 2.1713983390445657 
42.19301686936053 1.3381763577164267 
42.21263240486466 0.9118986715913163 
42.23224794036877 0.6724746899517344 
42.251863475872895 2.7533442090584104 
42.27147901137701 0.889115892424568 
42.29109454688113 1.073868889848618 
42.31071008238525 1.7283257773994474 
42.33032561788937 0.5204836210181898 
42.34994115339349 0.8525947573106516 
42.36955668889761 1.0005465877629744 
42.389172224401726 0.9722842363341879 
42.40878775990585 0.6316890207445389 
42.42840329540997 0.8761881571683846 
42.44801883091409 1.0815071980455848 
42.4676343664182 0.8065778806506135 
42.487249901922326 0.7657552836073253 
42.50686543742644 1.5947363262185985 
42.52648097293056 0.8380365487357972 
42.54609650843468 0.6992716431152626 
42.5657120439388 2.1838055118500064 
42.58532757944292 0.8873871566269768 
42.60494311494704 0.45615215888671795 
42.62455865045116 0.9128266164811509 
42.64417418595528 0.7533556251175834 
42.6637897214594 0.7134835084293736 
42.68340525696352 0.8976466827232444 
42.70302079246764 1.1607634226993895 
42.72263632797176 0.702435382182185 
42.74225186347588 0.7783987018377091 
42.76186739898 2.2743921237620373 
42.78148293448412 0.9868640933789894 
42.80109846998823 1.358873562547771 
42.82071400549236 1.0817103591618138 
42.84032954099647 1.0080646503864932 
42.859945076500594 1.4332803718054286 
42.87956061200471 0.7933570284278242 
42.89917614750883 1.0507469819034287 
42.91879168301295 1.0838318090583274 
42.93840721851707 0.7666567482427746 
42.95802275402119 1.2705513970661153 
42.97763828952531 0.8177538819033573 
42.99725382502943 0.8167113079951832 
43.01686936053355 0.9245554961724708 
43.03648489603766 0.9119079245019271 
43.056100431541786 0.6751527415224903 
43.0757159670459 0.7144279503754026 
43.095331502550025 1.6116128540719572 
43.11494703805414 1.1148074149788614 
43.13456257355826 1.1627193367261728 
43.15417810906238 1.315898066062014 
43.1737936445665 0.8077821502957675 
43.19340918007062 0.7674484645637749 
43.21302471557474 1.9396008166952143 
43.232640251078855 0.7551038557715708 
43.25225578658298 1.0156454592895903 
43.27187132208709 0.8583646402538775 
43.29148685759122 0.7921767505583658 
43.31110239309533 1.0435849676872373 
43.330717928599455 1.7760670795221318 
43.35033346410357 0.8779819637246362 
43.36994899960769 0.8546149823331012 
43.38956453511181 2.060162769053074 
43.40918007061593 0.9254186098727896 
43.42879560612005 0.7397801684583771 
43.44841114162417 1.1863037400003569 
43.468026677128286 0.6123704073544053 
43.48764221263241 0.8699595882434822 
43.50725774813653 0.8191594126923222 
43.52687328364065 1.2529969524861928 
43.54648881914476 0.9456984643848337 
43.566104354648886 1.0138085233061152 
43.585719890153 0.7108671266569175 
43.60533542565712 1.3333552707677006 
43.62495096116124 0.8301244589865956 
43.64456649666536 0.7274290455786764 
43.66418203216948 1.8117328827086834 
43.6837975676736 0.7099701726710832 
43.70341310317772 0.7855177750808451 
43.72302863868184 1.2584636608058806 
43.74264417418596 1.0187105892852855 
43.76225970969008 1.1354565615520693 
43.78187524519419 0.882144905327179 
43.80149078069832 2.1517466462040646 
43.82110631620243 1.0513809170295196 
43.84072185170656 1.1518620342289156 
43.86033738721067 1.0000290018551692 
43.87995292271479 1.0530629801929121 
43.89956845821891 0.9963858672474404 
43.91918399372303 1.2787027483759519 
43.938799529227154 1.5241325180870002 
43.95841506473127 0.9363505310829514 
43.97803060023539 1.2673427373438233 
43.99764613573951 0.8569152026625153 
44.01726167124363 1.2447797240574947 
44.03687720674775 1.0771792922252652 
44.05649274225187 0.8263634744123515 
44.07610827775599 1.528537709944827 
44.09572381326011 1.162964982944241 
44.11533934876422 0.9519122379045737 
44.134954884268346 1.0233223143998813 
44.15457041977246 1.4549196501996942 
44.174185955276585 1.0064213493407486 
44.1938014907807 0.3547036499428432 
44.21341702628482 1.3006695521879814 
44.23303256178894 1.049569464793346 
44.25264809729306 0.8731629873027457 
44.27226363279718 1.0186736647656716 
44.2918791683013 1.3012065585716224 
44.311494703805415 0.9880755032939509 
44.33111023930954 1.803908439332676 
44.35072577481365 1.057732642480923 
44.37034131031778 0.8124581505230579 
44.38995684582189 0.9931951199714621 
44.409572381326015 1.9380160287155201 
44.42918791683013 0.8466756328182277 
44.44880345233425 0.77149767770874 
44.46841898783837 0.8728516793589253 
44.48803452334249 1.0982025798460873 
44.50765005884661 0.8309404376316512 
44.52726559435073 0.750982981158946 
44.546881129854846 1.0449774928480027 
44.56649666535897 0.9674568170206099 
44.58611220086309 0.9445089630766766 
44.60572773636721 0.970371035785272 
44.62534327187132 1.0657983036312904 
44.644958807375446 0.7853734206862836 
44.66457434287956 2.0203541723533647 
44.68418987838368 1.1093349415004343 
44.7038054138878 0.8065504450805346 
44.72342094939192 0.9946289876162762 
44.74303648489604 1.6707082293518793 
44.76265202040016 0.8970147778127712 
44.78226755590428 0.8441265523054025 
44.8018830914084 1.5095588780496976 
44.82149862691252 0.9272328204338977 
44.84111416241664 0.8376807930220446 
44.86072969792075 0.8427253300101011 
44.88034523342488 1.2976452564938534 
44.89996076892899 0.5630150413472345 
44.91957630443312 0.9757420371290277 
44.93919183993723 1.019833434796742 
44.95880737544135 1.430218386941391 
44.97842291094547 0.9172743755306854 
44.99803844644959 1.0104543504217514 
45.01765398195371 2.518543974749633 
45.03726951745783 1.0136224166893986 
45.056885052961945 1.0847864184091873 
45.07650058846607 1.2246062715531343 
45.09611612397018 1.1870917086492077 
45.11573165947431 1.3295700860078368 
45.13534719497842 1.3392772685010086 
45.15496273048255 1.0679089088237168 
45.17457826598666 1.2855970479708039 
45.19419380149078 1.2424409742069291 
45.213809336994906 1.1154815287729354 
45.23342487249902 0.8860981544761947 
45.253040408003145 0.7138305359900419 
45.27265594350726 0.6682884040107989 
45.29227147901138 0.9277462969484792 
45.3118870145155 0.7563398263837658 
45.33150255001962 1.145205900983091 
45.35111808552374 1.9450901987840894 
45.37073362102786 0.9659201277159745 
45.390349156531975 1.0850420304177146 
45.4099646920361 1.4012191304770383 
45.42958022754021 0.8579977421445696 
45.44919576304434 0.9931846252521094 
45.46881129854845 0.7209245929515683 
45.488426834052575 0.6513405651342425 
45.50804236955669 0.6194125857781939 
45.52765790506081 1.2841574756940901 
45.54727344056493 1.176534940564824 
45.56688897606905 0.6117070770605176 
45.58650451157317 1.0845787842679915 
45.60612004707729 1.85053664578646 
45.625735582581406 1.2721395490318708 
45.64535111808553 0.9779910284666454 
45.66496665358965 1.1208876256706932 
45.68458218909377 1.3465966840838635 
45.70419772459788 0.6526946556389321 
45.723813260102006 1.0302076897234544 
45.74342879560612 1.0677088454726054 
45.76304433111024 1.257732515883266 
45.78265986661436 0.7808257278438947 
45.80227540211848 1.3598870096271685 
45.8218909376226 1.9367951578073666 
45.84150647312672 0.7719961394156437 
45.86112200863084 1.0700628556194371 
45.88073754413496 1.4796509578282717 
45.90035307963908 0.7365680326071078 
45.9199686151432 0.948285164670348 
45.93958415064731 0.9719333412360908 
45.95919968615144 0.826526060880595 
45.97881522165555 0.7077739595574102 
45.99843075715968 0.834475175917712 
46.01804629266379 1.388954921627129 
46.03766182816791 0.3912862425835573 
46.05727736367203 0.7542814177846117 
46.07689289917615 1.9154481998511692 
46.09650843468027 0.5857602066864127 
46.11612397018439 0.6524051243339958 
46.135739505688505 0.7346598381155208 
46.15535504119263 0.7876085454849819 
46.17497057669674 0.5652478584614877 
46.19458611220087 0.7615723785172387 
46.21420164770498 0.9141786413215081 
46.23381718320911 0.5197888015958382 
46.25343271871322 1.089752193984125 
46.27304825421734 0.5750916371318515 
46.29266378972146 0.6554218236676052 
46.31227932522558 0.8108564956343489 
46.3318948607297 0.8191591311056132 
46.35151039623382 0.7695242692352356 
46.371125931737936 1.864263822822956 
46.39074146724206 0.8405271781069706 
46.410357002746174 0.8381642064790015 
46.4299725382503 2.213365517270563 
46.44958807375441 0.6068493034110527 
46.469203609258535 1.406979520854726 
46.48881914476266 1.305211466196812 
46.50843468026677 0.9868536922544379 
46.5280502157709 1.7638778293008266 
46.54766575127501 1.0060743105086458 
46.567281286779135 1.209357362836623 
46.58689682228325 2.011782391810459 
46.60651235778737 1.3616618573015575 
46.62612789329149 0.9963179076075341 
46.64574342879561 1.7472653207736892 
46.66535896429973 1.6592520838955869 
46.68497449980385 1.2510582976000082 
46.704590035307966 1.4786420170141814 
46.72420557081209 0.9413255297011554 
46.74382110631621 1.5021189427768202 
46.76343664182033 0.7093074618001972 
46.78305217732444 1.4316156223591958 
46.802667712828566 0.8882518393804136 
46.82228324833268 0.9851761956476078 
46.8418987838368 0.9347109578636956 
46.86151431934092 1.1697188783514134 
46.88112985484504 1.0501808626450158 
46.90074539034916 3.3868437473633928 
46.92036092585328 1.7642808251729991 
46.9399764613574 1.2084890156183508 
46.95959199686152 1.2288795959387486 
46.97920753236564 0.915678022807821 
46.99882306786976 2.0975798044361054 
47.01843860337387 1.1690083843141978 
47.038054138878 0.9795112352080657 
47.05766967438211 0.9299725238220683 
47.07728520988624 0.8816077945567239 
47.09690074539035 1.3816237675378564 
47.11651628089447 0.8093783575041976 
47.13613181639859 0.8735502046636952 
47.15574735190271 1.0352989052540613 
47.17536288740683 1.5242114607996256 
47.19497842291095 0.9080313876981649 
47.214593958415065 1.7341164551791848 
47.23420949391919 0.9056738362105463 
47.2538250294233 0.9144337255378394 
47.27344056492743 0.6206482227251598 
47.29305610043154 0.9792253905155932 
47.31267163593567 2.458384379651614 
47.33228717143978 1.3485488410396225 
47.3519027069439 1.3772794339071932 
47.37151824244802 1.277679568377174 
47.39113377795214 1.502230647409457 
47.41074931345626 0.8579490883815184 
47.43036484896038 0.9470891612617703 
47.449980384464496 0.8556291431796648 
47.46959591996862 1.268289062494364 
47.489211455472734 0.9540385380108523 
47.50882699097686 1.1505801664462147 
47.52844252648097 1.4035686058743924 
47.548058061985095 1.2771969543653605 
47.56767359748921 0.9469650756559282 
47.58728913299333 1.0528632204932502 
47.60690466849745 1.3399462203408143 
47.62652020400157 0.9983455783339457 
47.64613573950569 1.2582969247758893 
47.66575127500981 0.6223691772413821 
47.685366810513926 0.8678466739832804 
47.70498234601805 0.4497216137231204 
47.72459788152217 0.8613977500888674 
47.74421341702629 2.635542851258215 
47.76382895253041 0.6435063920105076 
47.783444488034526 1.109615035059898 
47.80306002353865 0.9768869596313668 
47.82267555904277 1.0242310326912338 
47.84229109454689 1.9330368261859634 
47.861906630051 1.8150872915306315 
47.881522165555126 1.2571150721795863 
47.90113770105924 0.6349028230864489 
47.92075323656336 0.9303755113117903 
47.94036877206748 1.0856767158109035 
47.9599843075716 1.5754327144709508 
47.97959984307572 1.302722311672199 
47.99921537857984 1.2073864409631794 
48.01883091408396 0.5721338341951162 
48.03844644958808 0.9030323427838092 
48.0580619850922 2.157384268238396 
48.07767752059632 1.357887712481417 
48.09729305610043 0.9350043043072347 
48.11690859160456 0.9970486411192843 
48.13652412710867 0.9443535186571914 
48.1561396626128 1.3999633951979373 
48.17575519811691 1.0727943035931353 
48.19537073362103 0.6113083837800666 
48.21498626912515 2.693837804383188 
48.23460180462927 1.418864266740306 
48.25421734013339 1.3084814950581174 
48.27383287563751 0.6713158876107189 
48.293448411141625 1.5305583725669942 
48.31306394664575 0.99843919572629 
48.33267948214986 1.4081790024521805 
48.35229501765399 1.49473137797284 
48.3719105531581 1.2724889857251964 
48.39152608866223 1.2986353571952591 
48.41114162416634 1.477217628689218 
48.43075715967046 2.2849191237933244 
48.45037269517458 1.4954623578153692 
48.4699882306787 0.8004557498915787 
48.48960376618282 1.656351108869911 
48.50921930168694 1.4402139773199398 
48.528834837191056 1.821915634237055 
48.54845037269518 1.3443588120284111 
48.568065908199294 1.0422301698188265 
48.58768144370342 0.9108087276870097 
48.60729697920753 1.1410475539706504 
48.626912514711655 1.837979596159262 
48.64652805021577 1.7243293813727696 
48.66614358571989 2.276200442251312 
48.68575912122401 1.2021116590773404 
48.70537465672813 2.0702153008515247 
48.72499019223225 1.2939064929186725 
48.74460572773637 1.2162508782916435 
48.764221263240486 1.110600183904291 
48.78383679874461 1.2178387294597774 
48.803452334248725 2.996163674882582 
48.82306786975285 1.4154531695769348 
48.84268340525696 1.6207105556673547 
48.862298940761086 1.3793108123026736 
48.8819144762652 1.0964641902280778 
48.90153001176933 1.3686706584617285 
48.92114554727344 1.8004567900172181 
48.94076108277756 1.368656844437995 
48.960376618281686 1.2611206408363071 
48.9799921537858 1.7488389772493242 
48.99960768928992 0.6891698849204287 
49.01922322479404 1.3569342168556233 
49.03883876029816 1.7951991500797266 
49.05845429580228 1.4111581188699602 
49.0780698313064 1.5792372876839418 
49.09768536681052 1.3669646893224947 
49.11730090231464 1.30330105195781 
49.13691643781876 1.8835619672612716 
49.15653197332288 1.1780977605838088 
49.17614750882699 1.5598341047430968 
49.19576304433112 1.2280327852045958 
49.21537857983523 1.286440306921582 
49.23499411533936 1.3170850870603632 
49.25460965084347 2.010733975964675 
49.27422518634759 1.2036059340663663 
49.29384072185171 1.537182882430439 
49.31345625735583 1.3758953494835091 
49.33307179285995 0.9918296047416106 
49.35268732836407 1.1036073654323075 
49.372302863868185 1.4498111945153778 
49.39191839937231 1.160550501341168 
49.41153393487642 1.5017333500982575 
49.43114947038055 1.211033177502107 
49.45076500588466 1.4594117066383359 
49.47038054138879 1.1623525441739804 
49.4899960768929 1.1493670579309319 
49.50961161239702 1.588442187604088 
49.52922714790114 1.505486054196931 
49.54884268340526 1.955062769962769 
49.56845821890938 1.8115880519699388 
49.5880737544135 1.3414012964923112 
49.607689289917616 1.2490574509751062 
49.62730482542174 1.777767445985344 
49.646920360925854 1.1896646805336943 
49.66653589642998 1.1848081497512148 
49.68615143193409 1.5478340879169032 
49.705766967438215 1.0115416622055247 
49.72538250294233 1.4691402894752585 
49.74499803844645 1.1878995580089033 
49.76461357395057 1.3320695392076887 
49.78422910945469 1.3720503263398365 
49.80384464495881 1.236374292493809 
49.82346018046293 1.5503958060721441 
49.843075715967046 1.2307678673836993 
49.86269125147117 1.3048607425005925 
49.882306786975285 1.3480752380367291 
49.90192232247941 1.431986066165289 
49.92153785798352 1.7812471047771896 
49.941153393487646 1.3425615251769816 
49.96076892899176 1.591018205742242 
49.98038446449589 1.036804630821196 
50.0 1.703816532879438 
